Legend
======
Order:       curve order
Px,Py,Pz:    coordinates of point P on the centerline
Tx,Ty,Tz:    coordinates of the direction of the Tangent vector to point P
Nx,Ny,Nz:    coordinates of the direction of the Normal vector to point P
BNx,BNy,BNz: coordinates of the direction of the Binormal vector to point P
Dfit:        diameter of the best fit circle in point P
Dmin:        diameter of the inscribing circle in point P
Dmax:        diameter of the subscribing circle in point P
C:           curvature in point P
Dh:          hydraulic diameter in point P
Xh:          hydraulic ratio in point P
Scf:         distance of circumference in point P
Area:        sectional area in point P
E:           ellipticity in point P


Order: Cubic

[Main Branch Set] Branch Segment 1:


        Px         Py         Pz         Tx         Ty         Tz         Nx         Ny         Nz        BNx        BNy        BNz          C       Area
    6.1357     5.9790   405.4225    -0.0350     0.0389    -0.9986    -0.5980     0.7998     0.0521     0.8007     0.5990    -0.0047        n/a   112.7054
    6.1182     5.9985   404.9233    -0.0350     0.0389    -0.9986     0.6024    -0.7965    -0.0521    -0.7974    -0.6034     0.0044     0.0000   112.7051
    6.1007     6.0179   404.4241    -0.0350     0.0389    -0.9986     0.5980    -0.7998    -0.0521    -0.8007    -0.5990     0.0047     0.0000   112.7048
    6.0833     6.0374   403.9249    -0.0350     0.0389    -0.9986    -0.5980     0.7998     0.0521     0.8007     0.5990    -0.0047     0.0001   112.7047
    6.0658     6.0568   403.4256    -0.0349     0.0388    -0.9986     0.5980    -0.7998    -0.0520    -0.8007    -0.5990     0.0047     0.0004   112.7040
    6.0483     6.0762   402.9264    -0.0351     0.0391    -0.9986    -0.5980     0.7998     0.0523     0.8007     0.5990    -0.0047     0.0016   112.7055
    6.0321     6.0940   402.4271    -0.0267     0.0279    -0.9993     0.5996    -0.7993    -0.0383    -0.7998    -0.6002     0.0046     0.0577   112.6334
    6.0212     6.1046   401.9274    -0.0203     0.0194    -0.9996    -0.5980     0.8010     0.0277     0.8013     0.5983    -0.0047     0.0152   112.5935
    6.0104     6.1152   401.4277    -0.0222     0.0218    -0.9995     0.5626    -0.8262    -0.0305    -0.8265    -0.5630     0.0061     0.0032   112.6032
    5.9995     6.1258   400.9281    -0.0212     0.0207    -0.9996     0.7638    -0.6447    -0.0296    -0.6451    -0.7641    -0.0021     0.0025   112.5982
    5.9887     6.1364   400.4284    -0.0231     0.0226    -0.9995    -0.7192     0.6941     0.0323     0.6944     0.7196     0.0002     0.0130   112.6072
    5.9778     6.1470   399.9287    -0.0166     0.0162    -0.9997     0.7171    -0.6966    -0.0232    -0.6968    -0.7173    -0.0001     0.0494   112.5783
    5.9757     6.1491   399.4290     0.0117    -0.0112    -0.9999     0.7171    -0.6968     0.0162    -0.6969    -0.7172    -0.0001     0.1084   112.5621
    5.9872     6.1380   398.9294     0.0259    -0.0251    -0.9993    -0.7179     0.6953    -0.0361     0.6957     0.7183     0.0000     0.0287   112.6203
    5.9986     6.1269   398.4297     0.0220    -0.0212    -0.9995     0.7361    -0.6761     0.0306    -0.6765    -0.7365     0.0008     0.0066   112.5993
    6.0101     6.1158   397.9301     0.0235    -0.0229    -0.9995     0.4934    -0.8692     0.0315    -0.8695    -0.4939    -0.0092     0.0025   112.6071
    6.0216     6.1048   397.4304     0.0214    -0.0202    -0.9996    -0.5973     0.8015    -0.0289     0.8018     0.5976     0.0051     0.0163   112.5949
    6.0330     6.0937   396.9308     0.0284    -0.0294    -0.9992     0.6009    -0.7983     0.0406    -0.7988    -0.6015    -0.0050     0.0629   112.6401
    6.0502     6.0750   396.4315     0.0370    -0.0409    -0.9985    -0.6051     0.7942    -0.0550     0.7953     0.6062     0.0047     0.0053   112.7173
    6.0685     6.0548   395.9324     0.0367    -0.0404    -0.9985     0.6378    -0.7683     0.0545    -0.7693    -0.6389    -0.0024     0.0028   112.7133
    6.0869     6.0346   395.4332     0.0361    -0.0398    -0.9986    -0.6658     0.7442    -0.0538     0.7453     0.6667     0.0004     0.0060   112.7082
    6.1052     6.0144   394.9340     0.0387    -0.0426    -0.9983     0.6693    -0.7408     0.0576    -0.7420    -0.6704    -0.0001     0.0212   112.7319
    6.1235     5.9942   394.4349     0.0290    -0.0320    -0.9991    -0.6700     0.7411    -0.0432     0.7418     0.6707     0.0001     0.0787   112.6500
    6.1283     5.9890   393.9357    -0.0162     0.0181    -0.9997    -0.6705     0.7415     0.0243     0.7418     0.6707     0.0001     0.1920   112.5787
    6.1109     6.0083   393.4364    -0.0397     0.0441    -0.9982     0.6692    -0.7407    -0.0594    -0.7420    -0.6704    -0.0001     0.0516   112.7444
    6.0935     6.0276   392.9372    -0.0335     0.0372    -0.9987    -0.6656     0.7446     0.0501     0.7455     0.6665    -0.0002     0.0146   112.6869
    6.0761     6.0469   392.4380    -0.0349     0.0387    -0.9986     0.6358    -0.7701    -0.0520    -0.7711    -0.6368     0.0023     0.0069   112.6979
    6.0587     6.0662   391.9387    -0.0357     0.0399    -0.9986    -0.6005     0.7978     0.0533     0.7988     0.6016    -0.0045     0.0128   112.7065
    6.0413     6.0855   391.4395    -0.0310     0.0335    -0.9990     0.5953    -0.8022    -0.0454    -0.8029    -0.5961     0.0049     0.0444   112.6623
    6.0282     6.0990   390.9400    -0.0227     0.0224    -0.9995     0.5998    -0.7995    -0.0315    -0.7998    -0.6002     0.0048     0.0113   112.6016
    6.0174     6.1095   390.4403    -0.0215     0.0206    -0.9996    -0.6737     0.7385     0.0297     0.7387     0.6740    -0.0020     0.0025   112.5938
    6.0065     6.1200   389.9406    -0.0219     0.0215    -0.9995    -0.0439     0.9988     0.0224     0.9988     0.0444    -0.0209     0.0017   112.5968
    5.9956     6.1305   389.4409    -0.0214     0.0197    -0.9996     0.2241    -0.9743    -0.0240    -0.9743    -0.2245     0.0164     0.0088   112.5914
    5.9848     6.1410   388.9413    -0.0229     0.0258    -0.9994    -0.2328     0.9721     0.0304     0.9723     0.2333    -0.0162     0.0337   112.6104
    5.9739     6.1515   388.4416    -0.0175     0.0033    -0.9998     0.2339    -0.9722    -0.0073    -0.9721    -0.2340     0.0162     0.1260   112.5611
    5.9675     6.1435   387.9418    -0.0109    -0.0240    -0.9997    -0.2370     0.9713    -0.0208     0.9715     0.2367    -0.0163     0.0132   112.5822
    5.9618     6.1324   387.4421    -0.0115    -0.0217    -0.9997     0.2750    -0.9613     0.0177    -0.9614    -0.2747     0.0170     0.0034   112.5765
    5.9561     6.1213   386.9423    -0.0114    -0.0224    -0.9997    -0.8723     0.4889    -0.0010     0.4888     0.8721    -0.0251     0.0007   112.5781
    5.9505     6.1102   386.4426    -0.0111    -0.0218    -0.9997     0.6612     0.7498    -0.0237     0.7501    -0.6613     0.0061     0.0025   112.5762
    5.9448     6.0992   385.9428    -0.0122    -0.0233    -0.9997    -0.6039    -0.7967     0.0259    -0.7970     0.6040    -0.0044     0.0098   112.5812
    5.9371     6.0853   385.4432    -0.0206    -0.0346    -0.9992    -0.5992    -0.7996     0.0400    -0.8003     0.5996    -0.0042     0.0465   112.6334
    5.9248     6.0654   384.9438    -0.0255    -0.0411    -0.9988     0.5997     0.7987    -0.0482     0.7998    -0.6003     0.0043     0.0138   112.6740
    5.9125     6.0455   384.4445    -0.0248    -0.0401    -0.9989    -0.6036    -0.7959     0.0469    -0.7969     0.6041    -0.0045     0.0087   112.6670
    5.9002     6.0255   383.9451    -0.0229    -0.0376    -0.9990     0.6061     0.7942    -0.0438     0.7951    -0.6065     0.0046     0.0210   112.6511
    5.8879     6.0056   383.4457    -0.0311    -0.0484    -0.9983    -0.6060    -0.7934     0.0574    -0.7948     0.6068    -0.0046     0.0753   112.7286
    5.8756     5.9857   382.9464    -0.0000    -0.0076    -1.0000     0.6068     0.7948    -0.0061     0.7948    -0.6068     0.0046     0.2812   112.5444
    5.8889     5.9994   382.4471     0.0376     0.0416    -0.9984    -0.6057    -0.7938    -0.0558    -0.7948     0.6068    -0.0046     0.0326   112.7176
    5.9063     6.0183   381.9479     0.0339     0.0368    -0.9987     0.6058     0.7941     0.0498     0.7949    -0.6067     0.0046     0.0087   112.6816
    5.9236     6.0372   381.4486     0.0349     0.0381    -0.9987    -0.6043    -0.7951    -0.0515    -0.7960     0.6053    -0.0047     0.0019   112.6911
    5.9410     6.0561   380.9494     0.0345     0.0376    -0.9987    -0.6173    -0.7851    -0.0508    -0.7860     0.6183    -0.0039     0.0010   112.6868
    5.9583     6.0750   380.4501     0.0352     0.0385    -0.9986     0.6129     0.7884     0.0520     0.7894    -0.6139     0.0042     0.0057   112.6936
    5.9747     6.0927   379.9508     0.0272     0.0282    -0.9992    -0.6133    -0.7889    -0.0389    -0.7894     0.6139    -0.0042     0.0582   112.6262
    5.9857     6.1034   379.4511     0.0206     0.0197    -0.9996     0.6124     0.7901     0.0282     0.7903    -0.6127     0.0042     0.0154   112.5857
    5.9967     6.1142   378.9515     0.0225     0.0221    -0.9995    -0.5924    -0.8051    -0.0311    -0.8054     0.5928    -0.0050     0.0035   112.5955
    6.0077     6.1250   378.4518     0.0217     0.0211    -0.9995    -0.7807    -0.6242    -0.0301    -0.6246     0.7810     0.0030     0.0015   112.5911
    6.0188     6.1357   377.9521     0.0230     0.0225    -0.9995     0.7167     0.6967     0.0322     0.6970    -0.7170    -0.0001     0.0094   112.5979
    6.0298     6.1465   377.4525     0.0183     0.0179    -0.9997    -0.7140    -0.6997    -0.0256    -0.6999     0.7143    -0.0001     0.0360   112.5761
    6.0332     6.1498   376.9528    -0.0096    -0.0094    -0.9999    -0.7140    -0.7000     0.0134    -0.7001     0.7141    -0.0001     0.1201   112.5496
    6.0222     6.1390   376.4531    -0.0253    -0.0249    -0.9994     0.7141     0.6992    -0.0354     0.6996    -0.7145     0.0001     0.0320   112.6102
    6.0113     6.1282   375.9534    -0.0210    -0.0206    -0.9996    -0.7206    -0.6928     0.0294    -0.6931     0.7209    -0.0003     0.0081   112.5881
    6.0003     6.1174   375.4538    -0.0224    -0.0221    -0.9995     0.9652    -0.2609    -0.0158    -0.2604    -0.9651     0.0271     0.0003   112.5947
    5.9893     6.1066   374.9541    -0.0212    -0.0206    -0.9996     0.6029     0.7972    -0.0292     0.7975    -0.6033    -0.0044     0.0074   112.5881
    5.9784     6.0958   374.4544    -0.0246    -0.0250    -0.9994    -0.6112    -0.7907     0.0349    -0.7911     0.6117     0.0042     0.0299   112.6083
    5.9640     6.0806   373.9550    -0.0327    -0.0354    -0.9988    -0.6130    -0.7886     0.0480    -0.7894     0.6138     0.0040     0.0228   112.6698
    5.9467     6.0616   373.4557    -0.0350    -0.0385    -0.9986     0.6242     0.7795    -0.0519     0.7804    -0.6252    -0.0033     0.0075   112.6912
    5.9294     6.0427   372.9565    -0.0350    -0.0383    -0.9987    -0.6598    -0.7496     0.0519    -0.7506     0.6608     0.0009     0.0071   112.6906
    5.9121     6.0237   372.4572    -0.0326    -0.0358    -0.9988     0.6723     0.7387    -0.0484     0.7396    -0.6731    -0.0001     0.0210   112.6708
    5.8948     6.0048   371.9580    -0.0421    -0.0461    -0.9981    -0.6729    -0.7371     0.0624    -0.7386     0.6742    -0.0000     0.0768   112.7581
    5.8775     5.9858   371.4587    -0.0067    -0.0074    -1.0000     0.6742     0.7385    -0.0100     0.7385    -0.6743     0.0000     0.2872   112.5437
    5.8896     5.9991   370.9595     0.0382     0.0418    -0.9984    -0.6729    -0.7376    -0.0566    -0.7387     0.6740    -0.0000     0.0200   112.7181
    5.9077     6.0189   370.4603     0.0357     0.0391    -0.9986     0.6698     0.7406     0.0530     0.7417    -0.6708     0.0003     0.0057   112.6957
    5.9259     6.0387   369.9612     0.0363     0.0397    -0.9986    -0.6439    -0.7632    -0.0537    -0.7643     0.6449    -0.0021     0.0025   112.7003
    5.9440     6.0585   369.4620     0.0366     0.0401    -0.9985     0.6103     0.7903     0.0541     0.7913    -0.6114     0.0044     0.0045   112.7032
    5.9621     6.0784   368.9628     0.0349     0.0379    -0.9987    -0.6048    -0.7947    -0.0513    -0.7956     0.6058    -0.0048     0.0155   112.6868
    5.9778     6.0950   368.4634     0.0266     0.0270    -0.9993    -0.6035    -0.7965    -0.0376    -0.7969     0.6041    -0.0049     0.0392   112.6182
    5.9893     6.1062   367.9638     0.0222     0.0211    -0.9995     0.5936     0.8042     0.0302     0.8045    -0.5940     0.0053     0.0097   112.5899
    6.0009     6.1174   367.4641     0.0237     0.0231    -0.9995     0.9997     0.0042     0.0238     0.0047    -0.9997    -0.0230     0.0006   112.5988
    6.0125     6.1286   366.9645     0.0218     0.0211    -0.9995    -0.7247    -0.6884    -0.0304    -0.6887     0.7250     0.0003     0.0114   112.5890
    6.0241     6.1398   366.4648     0.0279     0.0270    -0.9992     0.7180     0.6950     0.0388     0.6955    -0.7185    -0.0000     0.0450   112.6216
    6.0356     6.1510   365.9652     0.0057     0.0055    -1.0000    -0.7180    -0.6959    -0.0079    -0.6960     0.7181    -0.0000     0.1687   112.5404
    6.0287     6.1443   365.4655    -0.0230    -0.0223    -0.9995     0.7167     0.6967    -0.0321     0.6970    -0.7170    -0.0000     0.0086   112.5950
    6.0176     6.1335   364.9658    -0.0219    -0.0213    -0.9995    -0.7032    -0.7103     0.0306    -0.7106     0.7036     0.0006     0.0026   112.5896
    6.0065     6.1228   364.4662    -0.0221    -0.0214    -0.9995     0.6374     0.7699    -0.0306     0.7702    -0.6378    -0.0034     0.0019   112.5902
    5.9954     6.1120   363.9665    -0.0225    -0.0220    -0.9995    -0.5998    -0.7996     0.0311    -0.7998     0.6002     0.0048     0.0048   112.5927
    5.9844     6.1013   363.4668    -0.0207    -0.0195    -0.9996     0.5958     0.8027    -0.0279     0.8029    -0.5961    -0.0050     0.0175   112.5820
    5.9732     6.0904   362.9672    -0.0284    -0.0299    -0.9991    -0.5952    -0.8026     0.0410    -0.8031     0.5958     0.0050     0.0696   112.6326
    5.9560     6.0714   362.4679    -0.0360    -0.0401    -0.9985     0.5948     0.8021    -0.0536     0.8031    -0.5959    -0.0050     0.0188   112.7003
    5.9388     6.0524   361.9687    -0.0340    -0.0375    -0.9987    -0.5957    -0.8016     0.0504    -0.8025     0.5966     0.0049     0.0057   112.6810
    5.9216     6.0334   361.4694    -0.0343    -0.0378    -0.9987     0.5992     0.7990    -0.0508     0.7999    -0.6002    -0.0047     0.0040   112.6833
    5.9044     6.0144   360.9702    -0.0352    -0.0391    -0.9986    -0.6011    -0.7975     0.0524    -0.7984     0.6021     0.0046     0.0104   112.6926
    5.8872     5.9955   360.4709    -0.0311    -0.0337    -0.9989     0.6015     0.7976    -0.0456     0.7982    -0.6023    -0.0046     0.0377   112.6548
    5.8788     5.9881   359.9716     0.0061     0.0156    -0.9999     0.6023     0.7981     0.0162     0.7983    -0.6023    -0.0046     0.2101   112.5519
    5.8910     6.0080   359.4723     0.0292     0.0462    -0.9985    -0.6014    -0.7971    -0.0545    -0.7984     0.6021     0.0046     0.0565   112.7045
    5.9031     6.0279   358.9729     0.0231     0.0382    -0.9990     0.5996     0.7991     0.0444     0.8000    -0.6000    -0.0045     0.0162   112.6482
    5.9153     6.0478   358.4735     0.0243     0.0398    -0.9989    -0.5854    -0.8094    -0.0465    -0.8104     0.5859     0.0036     0.0084   112.6582
    5.9275     6.0677   357.9742     0.0256     0.0416    -0.9988     0.5720     0.8188     0.0488     0.8199    -0.5725    -0.0029     0.0174   112.6703
    5.9396     6.0876   357.4748     0.0193     0.0326    -0.9993    -0.5704    -0.8205    -0.0378    -0.8212     0.5707     0.0028     0.0613   112.6167
    5.9465     6.0999   356.9751     0.0114     0.0213    -0.9997     0.5804     0.8140     0.0239     0.8142    -0.5805    -0.0030     0.0059   112.5685
    5.9525     6.1109   356.4754     0.0121     0.0222    -0.9997    -0.7168    -0.6969    -0.0241    -0.6972     0.7169     0.0075     0.0014   112.5716
    5.9584     6.1219   355.9756     0.0119     0.0217    -0.9997     0.5098    -0.8602    -0.0126    -0.8602    -0.5095    -0.0214     0.0011   112.5702
    5.9644     6.1329   355.4758     0.0118     0.0227    -0.9997    -0.2511     0.9678     0.0190     0.9679     0.2508     0.0171     0.0049   112.5724
    5.9704     6.1439   354.9761     0.0126     0.0194    -0.9997     0.2352    -0.9718    -0.0159    -0.9719    -0.2349    -0.0168     0.0185   112.5655
    5.9779     6.1483   354.4764     0.0190    -0.0075    -0.9998     0.2332    -0.9724     0.0118    -0.9723    -0.2333    -0.0167     0.0923   112.5590
    5.9890     6.1381   353.9767     0.0230    -0.0240    -0.9994    -0.2311     0.9725    -0.0287     0.9727     0.2316     0.0168     0.0246   112.5975
    6.0000     6.1278   353.4770     0.0219    -0.0195    -0.9996     0.2053    -0.9784     0.0236    -0.9785    -0.2057    -0.0174     0.0061   112.5837
    6.0111     6.1176   352.9773     0.0223    -0.0210    -0.9995     0.9808     0.1941     0.0179     0.1937    -0.9808     0.0249     0.0007   112.5883
    6.0221     6.1073   352.4776     0.0215    -0.0196    -0.9996    -0.5704     0.8209    -0.0284     0.8211     0.5708     0.0065     0.0067   112.5831
    6.0332     6.0971   351.9780     0.0243    -0.0237    -0.9994     0.5517    -0.8334     0.0332    -0.8337    -0.5522    -0.0071     0.0266   112.6002
    6.0472     6.0824   351.4785     0.0318    -0.0351    -0.9989     0.5502    -0.8337     0.0468    -0.8344    -0.5511    -0.0072     0.0279   112.6614
    6.0642     6.0632   350.9792     0.0344    -0.0391    -0.9986    -0.5557     0.8298    -0.0516     0.8307     0.5567     0.0068     0.0086   112.6881
    6.0811     6.0440   350.4800     0.0342    -0.0387    -0.9987     0.5790    -0.8137     0.0513    -0.8146    -0.5800    -0.0054     0.0066   112.6852
    6.0981     6.0249   349.9807     0.0325    -0.0364    -0.9988    -0.5902     0.8058    -0.0486     0.8066     0.5911     0.0047     0.0179   112.6693
    6.1150     6.0057   349.4815     0.0394    -0.0459    -0.9982     0.5909    -0.8045     0.0603    -0.8058    -0.5922    -0.0046     0.0649   112.7416
    6.1320     5.9865   348.9822     0.0132    -0.0102    -0.9999    -0.5921     0.8057    -0.0161     0.8057     0.5923     0.0046     0.2423   112.5510
    6.1265     5.9978   348.4829    -0.0233     0.0394    -0.9990    -0.5924     0.8043     0.0456     0.8053     0.5928     0.0046     0.0051   112.6536
    6.1147     6.0178   347.9835    -0.0239     0.0402    -0.9989     0.6001    -0.7986    -0.0465    -0.7996    -0.6005    -0.0051     0.0012   112.6586
    6.1028     6.0378   347.4842    -0.0236     0.0399    -0.9989     0.5092    -0.8594    -0.0464    -0.8603    -0.5098    -0.0000     0.0004   112.6565
    6.0910     6.0579   346.9848    -0.0240     0.0404    -0.9989    -0.5458     0.8366     0.0470     0.8376     0.5463     0.0020     0.0029   112.6598
    6.0791     6.0779   346.4854    -0.0228     0.0387    -0.9990     0.5473    -0.8358    -0.0449    -0.8366    -0.5477    -0.0021     0.0112   112.6490
    6.0692     6.0949   345.9859    -0.0153     0.0272    -0.9995     0.5520    -0.8332    -0.0311    -0.8337    -0.5522    -0.0023     0.0438   112.5901
    6.0633     6.1059   345.4862    -0.0109     0.0204    -0.9997    -0.5805     0.8139     0.0229     0.8142     0.5806     0.0030     0.0114   112.5654
    6.0574     6.1168   344.9864    -0.0120     0.0226    -0.9997     0.9706    -0.2400    -0.0170    -0.2403    -0.9705    -0.0191     0.0023   112.5721
    6.0515     6.1278   344.4867    -0.0120     0.0207    -0.9997    -0.3222    -0.9465    -0.0157    -0.9466     0.3219     0.0180     0.0074   112.5675
    6.0457     6.1387   343.9869    -0.0108     0.0261    -0.9996     0.2475     0.9686     0.0226     0.9688    -0.2471    -0.0169     0.0296   112.5802
    6.0398     6.1497   343.4872    -0.0157     0.0063    -0.9999    -0.2422    -0.9702    -0.0024    -0.9701     0.2421     0.0167     0.1111   112.5514
    6.0297     6.1439   342.9875    -0.0224    -0.0207    -0.9995    -0.1527    -0.9880     0.0239    -0.9880     0.1532     0.0190     0.0005   112.5877
    6.0185     6.1335   342.4878    -0.0224    -0.0209    -0.9995    -0.7328    -0.6797     0.0307    -0.6800     0.7332    -0.0000     0.0002   112.5883
    6.0073     6.1231   341.9881    -0.0223    -0.0206    -0.9995     0.5583     0.8291    -0.0296     0.8293    -0.5587    -0.0070     0.0013   112.5874
    5.9961     6.1127   341.4884    -0.0228    -0.0214    -0.9995    -0.5498    -0.8347     0.0304    -0.8350     0.5502     0.0073     0.0051   112.5905
    5.9849     6.1023   340.9888    -0.0209    -0.0185    -0.9996     0.5493     0.8352    -0.0270     0.8354    -0.5496    -0.0073     0.0190   112.5793
    5.9737     6.0919   340.4891    -0.0280    -0.0294    -0.9992    -0.5489    -0.8349     0.0399    -0.8354     0.5496     0.0073     0.0710   112.6283
    5.9568     6.0728   339.9898    -0.0354    -0.0406    -0.9986     0.5487     0.8343    -0.0533     0.8353    -0.5498    -0.0073     0.0173   112.6988
    5.9398     6.0536   339.4906    -0.0337    -0.0380    -0.9987    -0.5518    -0.8325     0.0503    -0.8333     0.5527     0.0071     0.0050   112.6808
    5.9228     6.0344   338.9913    -0.0340    -0.0385    -0.9987     0.5712     0.8192    -0.0510     0.8201    -0.5722    -0.0059     0.0026   112.6842
    5.9058     6.0151   338.4921    -0.0344    -0.0390    -0.9986    -0.5890    -0.8065     0.0518    -0.8074     0.5900     0.0048     0.0054   112.6883
    5.8888     5.9959   337.9928    -0.0324    -0.0363    -0.9988     0.5915     0.8048    -0.0485     0.8056    -0.5924    -0.0046     0.0189   112.6692
    5.8791     5.9867   337.4936     0.0043     0.0136    -0.9999     0.5926     0.8054     0.0135     0.8055    -0.5925    -0.0046     0.2297   112.5470
    5.8911     6.0068   336.9942     0.0291     0.0474    -0.9985    -0.5917    -0.8043    -0.0554    -0.8056     0.5924     0.0046     0.0617   112.7099
    5.9030     6.0269   336.4948     0.0226     0.0385    -0.9990     0.5899     0.8063     0.0444     0.8072    -0.5903    -0.0045     0.0176   112.6478
    5.9150     6.0470   335.9955     0.0239     0.0403    -0.9989    -0.5744    -0.8172    -0.0467    -0.8182     0.5749     0.0036     0.0085   112.6594
    5.9269     6.0672   335.4961     0.0250     0.0420    -0.9988     0.5578     0.8285     0.0488     0.8296    -0.5583    -0.0027     0.0166   112.6703
    5.9388     6.0873   334.9968     0.0193     0.0334    -0.9993    -0.5556    -0.8306    -0.0385    -0.8313     0.5559     0.0025     0.0578   112.6196
    5.9459     6.1000   334.4971     0.0115     0.0218    -0.9997     0.5750     0.8178     0.0244     0.8181    -0.5751    -0.0031     0.0018   112.5700
    5.9517     6.1110   333.9973     0.0117     0.0221    -0.9997    -0.8272    -0.5614    -0.0221    -0.5617     0.8272     0.0117     0.0004   112.5711
    5.9575     6.1220   333.4976     0.0117     0.0219    -0.9997     0.3893    -0.9210    -0.0156    -0.9210    -0.3890    -0.0193     0.0007   112.5706
    5.9634     6.1330   332.9978     0.0116     0.0224    -0.9997    -0.2552     0.9667     0.0187     0.9668     0.2549     0.0169     0.0027   112.5718
    5.9692     6.1440   332.4981     0.0120     0.0206    -0.9997     0.2464    -0.9690    -0.0170    -0.9691    -0.2461    -0.0167     0.0102   112.5680
    5.9765     6.1494   331.9983     0.0189    -0.0065    -0.9998     0.2450    -0.9695     0.0110    -0.9693    -0.2451    -0.0167     0.1017   112.5587
    5.9877     6.1390   331.4987     0.0235    -0.0246    -0.9994    -0.2434     0.9695    -0.0296     0.9697     0.2439     0.0168     0.0272   112.6014
    5.9990     6.1286   330.9990     0.0222    -0.0197    -0.9996     0.2256    -0.9739     0.0242    -0.9740    -0.2260    -0.0172     0.0069   112.5860
    6.0102     6.1182   330.4993     0.0227    -0.0213    -0.9995     0.5540     0.8325    -0.0051     0.8322    -0.5536     0.0307     0.0007   112.5908
    6.0215     6.1078   329.9996     0.0220    -0.0200    -0.9996    -0.5698     0.8213    -0.0290     0.8215     0.5702     0.0067     0.0054   112.5863
    6.0327     6.0974   329.5000     0.0242    -0.0235    -0.9994     0.5455    -0.8375     0.0329    -0.8378    -0.5460    -0.0075     0.0219   112.6006
    6.0466     6.0831   329.0005     0.0315    -0.0346    -0.9989     0.5437    -0.8380     0.0461    -0.8387    -0.5446    -0.0076     0.0312   112.6599
    6.0635     6.0639   328.5012     0.0344    -0.0392    -0.9986    -0.5492     0.8341    -0.0516     0.8350     0.5502     0.0072     0.0094   112.6900
    6.0804     6.0448   328.0020     0.0341    -0.0385    -0.9987     0.5759    -0.8159     0.0511    -0.8168    -0.5769    -0.0056     0.0065   112.6859
    6.0973     6.0256   327.5027     0.0325    -0.0365    -0.9988    -0.5908     0.8053    -0.0487     0.8061     0.5917     0.0046     0.0166   112.6717
    6.1143     6.0065   327.0035     0.0390    -0.0452    -0.9982     0.5921    -0.8037     0.0595    -0.8049    -0.5933    -0.0045     0.0599   112.7379
    6.1312     5.9873   326.5042     0.0148    -0.0124    -0.9998    -0.5933     0.8048    -0.0187     0.8049     0.5934     0.0045     0.2232   112.5579
    6.1270     5.9969   326.0049    -0.0218     0.0372    -0.9991    -0.5932     0.8039     0.0429     0.8048     0.5935     0.0045     0.0239   112.6416
    6.1151     6.0168   325.5055    -0.0244     0.0407    -0.9989     0.5939    -0.8032    -0.0472    -0.8042    -0.5943    -0.0046     0.0063   112.6640
    6.1032     6.0368   325.0061    -0.0237     0.0397    -0.9989    -0.6095     0.7915     0.0459     0.7925     0.6099     0.0055     0.0012   112.6574
    6.0912     6.0568   324.5068    -0.0240     0.0402    -0.9989    -0.5390     0.8410     0.0468     0.8419     0.5396     0.0015     0.0014   112.6610
    6.0793     6.0768   324.0074    -0.0233     0.0391    -0.9990     0.5517    -0.8328    -0.0454    -0.8337    -0.5522    -0.0022     0.0069   112.6539
    6.0691     6.0942   323.5079    -0.0156     0.0277    -0.9995     0.5579    -0.8293    -0.0317    -0.8298    -0.5581    -0.0025     0.0479   112.5945
    6.0632     6.1052   323.0082    -0.0108     0.0203    -0.9997    -0.5816     0.8132     0.0228     0.8134     0.5817     0.0031     0.0125   112.5674
    6.0573     6.1161   322.5084    -0.0120     0.0227    -0.9997     0.9266    -0.3755    -0.0196    -0.3759    -0.9265    -0.0165     0.0026   112.5746
    6.0514     6.1271   322.0087    -0.0120     0.0208    -0.9997    -0.3373    -0.9413    -0.0156    -0.9413     0.3370     0.0183     0.0067   112.5702
    6.0455     6.1381   321.5089    -0.0109     0.0258    -0.9996     0.2463     0.9689     0.0223     0.9691    -0.2459    -0.0169     0.0270   112.5820
    6.0397     6.1491   321.0091    -0.0153     0.0077    -0.9999    -0.2399    -0.9708    -0.0038    -0.9707     0.2399     0.0167     0.1015   112.5544
    6.0299     6.1444   320.5094    -0.0219    -0.0191    -0.9996    -0.2340    -0.9720     0.0236    -0.9720     0.2344     0.0168     0.0089   112.5854
    6.0188     6.1342   320.0098    -0.0223    -0.0207    -0.9995     0.1814     0.9831    -0.0244     0.9832    -0.1819    -0.0182     0.0021   112.5903
    6.0077     6.1241   319.5101    -0.0221    -0.0201    -0.9996     0.7579     0.6517    -0.0298     0.6520    -0.7583     0.0008     0.0008   112.5884
    5.9966     6.1139   319.0104    -0.0226    -0.0210    -0.9995    -0.5550    -0.8313     0.0300    -0.8316     0.5554     0.0072     0.0048   112.5919
    5.9855     6.1037   318.5107    -0.0207    -0.0181    -0.9996     0.5459     0.8375    -0.0265     0.8376    -0.5462    -0.0075     0.0186   112.5811
    5.9744     6.0936   318.0110    -0.0277    -0.0287    -0.9992    -0.5449    -0.8376     0.0392    -0.8380     0.5456     0.0075     0.0697   112.6283
    5.9577     6.0748   317.5118    -0.0353    -0.0405    -0.9986     0.5444     0.8372    -0.0532     0.8381    -0.5455    -0.0075     0.0137   112.7014
    5.9406     6.0554   317.0125    -0.0340    -0.0384    -0.9987    -0.5429    -0.8383     0.0507    -0.8391     0.5439     0.0076     0.0036   112.6868
    5.9234     6.0360   316.5133    -0.0343    -0.0389    -0.9987     0.5174     0.8542    -0.0511     0.8550    -0.5185    -0.0092     0.0009   112.6909
    5.9063     6.0166   316.0141    -0.0342    -0.0387    -0.9987     0.8735     0.4844    -0.0487     0.4856    -0.8740     0.0173     0.0002   112.6895
    5.8892     5.9972   315.5148    -0.0344    -0.0390    -0.9986    -0.7217    -0.6902     0.0518    -0.6913     0.7225    -0.0044     0.0016   112.6918
    5.8793     5.9849   315.0155     0.0100     0.0042    -0.9999     0.7174     0.6966     0.0101     0.6966    -0.7175     0.0040     0.2503   112.5461
    5.8973     5.9995   314.5162     0.0428     0.0360    -0.9984    -0.7157    -0.6962    -0.0558    -0.6971     0.7169    -0.0041     0.0672   112.7162
    5.9152     6.0141   314.0168     0.0341     0.0276    -0.9990     0.7093     0.7036     0.0437     0.7041    -0.7101     0.0044     0.0190   112.6485
    5.9332     6.0288   313.5174     0.0361     0.0293    -0.9989    -0.6532    -0.7558    -0.0458    -0.7563     0.6541    -0.0081     0.0086   112.6619
    5.9512     6.0434   313.0181     0.0369     0.0309    -0.9988     0.5795     0.8137     0.0466     0.8142    -0.5805     0.0122     0.0155   112.6708
    5.9691     6.0581   312.5187     0.0316     0.0230    -0.9992    -0.5675    -0.8226    -0.0369    -0.8228     0.5682    -0.0129     0.0535   112.6264
    5.9823     6.0658   312.0190     0.0236     0.0113    -0.9997    -0.5679    -0.8228    -0.0227    -0.8228     0.5682    -0.0129     0.0033   112.5789
    5.9939     6.0713   311.5193     0.0232     0.0108    -0.9997     0.6346     0.7725     0.0231     0.7725    -0.6349     0.0111     0.0009   112.5776
    6.0056     6.0767   311.0196     0.0233     0.0110    -0.9997    -0.9658    -0.2579    -0.0253    -0.2581     0.9661     0.0046     0.0005   112.5780
    6.0172     6.0822   310.5198     0.0235     0.0109    -0.9997     0.9842    -0.1760     0.0212    -0.1757    -0.9843    -0.0149     0.0013   112.5786
    6.0289     6.0877   310.0201     0.0226     0.0111    -0.9997    -0.9757     0.2184    -0.0197     0.2181     0.9758     0.0158     0.0046   112.5769
    6.0351     6.0944   309.5203    -0.0065     0.0177    -0.9998    -0.9751     0.2214     0.0103     0.2215     0.9750     0.0158     0.1150   112.5610
    6.0238     6.1051   309.0207    -0.0270     0.0224    -0.9994     0.9748    -0.2211    -0.0313    -0.2216    -0.9750    -0.0158     0.0308   112.6102
    6.0125     6.1158   308.5210    -0.0215     0.0211    -0.9995    -0.9747     0.2222     0.0257     0.2227     0.9748     0.0158     0.0083   112.5924
    6.0012     6.1265   308.0213    -0.0230     0.0215    -0.9995     0.9712    -0.2368    -0.0274    -0.2372    -0.9713    -0.0154     0.0023   112.5970
    5.9898     6.1372   307.5217    -0.0226     0.0214    -0.9995    -0.9198     0.3912     0.0292     0.3917     0.9200     0.0108     0.0008   112.5960
    5.9785     6.1479   307.0220    -0.0226     0.0213    -0.9995     0.6818    -0.7309    -0.0310    -0.7312    -0.6822     0.0020     0.0009   112.5960
    5.9673     6.1584   306.5223    -0.0224     0.0210    -0.9995     0.5194    -0.8540    -0.0295    -0.8543    -0.5198     0.0082     0.0008   112.5947
    5.9561     6.1688   306.0227    -0.0222     0.0207    -0.9995     0.8204    -0.5710    -0.0300    -0.5713    -0.8207    -0.0043     0.0004   112.5938
    5.9450     6.1792   305.5230    -0.0225     0.0211    -0.9995    -0.7350     0.6774     0.0309     0.6777     0.7353     0.0002     0.0025   112.5958
    5.9339     6.1897   305.0233    -0.0212     0.0199    -0.9996     0.7309    -0.6819    -0.0291    -0.6822    -0.7312    -0.0000     0.0096   112.5900
    5.9228     6.2001   304.5236    -0.0260     0.0244    -0.9994    -0.7304     0.6821     0.0357     0.6825     0.7309     0.0000     0.0359   112.6141
    5.9117     6.2105   304.0240    -0.0081     0.0076    -0.9999     0.7308    -0.6825    -0.0111    -0.6825    -0.7309    -0.0000     0.1342   112.5498
    5.9165     6.2060   303.5243     0.0207    -0.0193    -0.9996     0.7306    -0.6823     0.0283    -0.6825    -0.7309    -0.0000     0.0238   112.5886
    5.9281     6.1951   303.0246     0.0239    -0.0223    -0.9995    -0.7305     0.6821    -0.0327     0.6825     0.7309     0.0000     0.0064   112.6038
    5.9397     6.1843   302.5250     0.0231    -0.0215    -0.9995     0.7307    -0.6819     0.0315    -0.6823    -0.7311    -0.0000     0.0017   112.5997
    5.9513     6.1735   302.0253     0.0233    -0.0217    -0.9995    -0.7339     0.6785    -0.0318     0.6788     0.7343    -0.0001     0.0004   112.6010
    5.9630     6.1626   301.5257     0.0232    -0.0216    -0.9995     0.8172    -0.5755     0.0315    -0.5759    -0.8175     0.0043     0.0001   112.6009
    5.9746     6.1517   301.0260     0.0234    -0.0222    -0.9995     0.3064    -0.9515     0.0283    -0.9516    -0.3069    -0.0155     0.0024   112.6031
    5.9864     6.1405   300.5264     0.0234    -0.0225    -0.9995    -0.5288     0.8482    -0.0315     0.8484     0.5292     0.0080     0.0013   112.6041
    5.9981     6.1292   300.0267     0.0238    -0.0228    -0.9995     0.7000    -0.7134     0.0329    -0.7138    -0.7004    -0.0010     0.0027   112.6057
    6.0098     6.1179   299.5271     0.0225    -0.0216    -0.9995    -0.7198     0.6935    -0.0312     0.6939     0.7201     0.0001     0.0098   112.5996
    6.0216     6.1067   299.0274     0.0273    -0.0262    -0.9993     0.7211    -0.6918     0.0378    -0.6923    -0.7216    -0.0000     0.0363   112.6256
    6.0333     6.0954   298.5278     0.0094    -0.0090    -0.9999    -0.7216     0.6922    -0.0130     0.6922     0.7217    -0.0000     0.1353   112.5547
    6.0291     6.0995   298.0281    -0.0198     0.0190    -0.9996    -0.7214     0.6920     0.0274     0.6923     0.7216    -0.0000     0.0265   112.5873
    6.0179     6.1102   297.5285    -0.0233     0.0223    -0.9995     0.7202    -0.6930    -0.0322    -0.6934    -0.7206     0.0001     0.0071   112.6037
    6.0066     6.1210   297.0288    -0.0223     0.0214    -0.9995    -0.7060     0.7075     0.0309     0.7078     0.7064    -0.0007     0.0019   112.5993
    5.9953     6.1318   296.5291    -0.0226     0.0216    -0.9995     0.5387    -0.8419    -0.0304    -0.8422    -0.5392     0.0074     0.0007   112.6007
    5.9841     6.1426   296.0295    -0.0225     0.0217    -0.9995    -0.0960     0.9951     0.0238     0.9951     0.0965    -0.0203     0.0009   112.6009
    5.9728     6.1534   295.5298    -0.0225     0.0212    -0.9995    -0.0050    -0.9998    -0.0211    -0.9997     0.0045     0.0226     0.0031   112.5999
    5.9616     6.1638   295.0301    -0.0225     0.0206    -0.9995    -0.0369     0.9991     0.0214     0.9991     0.0373    -0.0218     0.0006   112.5987
    5.9503     6.1741   294.5305    -0.0225     0.0207    -0.9995     0.3560    -0.9341    -0.0273    -0.9342    -0.3565     0.0137     0.0003   112.5991
    5.9390     6.1844   294.0308    -0.0226     0.0207    -0.9995    -0.6936     0.7197     0.0306     0.7200     0.6939    -0.0019     0.0005   112.5995
    5.9278     6.1947   293.5311    -0.0223     0.0205    -0.9995     0.7339    -0.6786    -0.0303    -0.6789    -0.7342     0.0001     0.0018   112.5987
    5.9165     6.2051   293.0314    -0.0233     0.0213    -0.9995    -0.7368     0.6753     0.0315     0.6757     0.7372    -0.0000     0.0067   112.6032
    5.9095     6.2114   292.5318     0.0059    -0.0054    -1.0000     0.7373    -0.6755     0.0081    -0.6755    -0.7374     0.0000     0.1653   112.5514
    5.9213     6.2007   292.0321     0.0282    -0.0259    -0.9993    -0.7370     0.6748    -0.0383     0.6753     0.7375    -0.0000     0.0443   112.6309
    5.9331     6.1899   291.5325     0.0223    -0.0204    -0.9995     0.7393    -0.6727     0.0302    -0.6730    -0.7396     0.0001     0.0119   112.5998
    5.9448     6.1791   291.0328     0.0239    -0.0219    -0.9995    -0.7682     0.6394    -0.0323     0.6397     0.7686    -0.0016     0.0031   112.6078
    5.9566     6.1683   290.5331     0.0235    -0.0214    -0.9995     0.9994    -0.0242     0.0240    -0.0247    -0.9995     0.0208     0.0008   112.6058
    5.9683     6.1576   290.0335     0.0234    -0.0219    -0.9995    -0.4514    -0.8923     0.0089    -0.8920     0.4510    -0.0308     0.0021   112.6071
    5.9800     6.1465   289.5338     0.0232    -0.0225    -0.9995    -0.1620    -0.9866     0.0184    -0.9865     0.1615    -0.0265     0.0005   112.6082
    5.9915     6.1352   289.0342     0.0231    -0.0225    -0.9995    -0.3590     0.9329    -0.0293     0.9331     0.3594     0.0135     0.0003   112.6085
    6.0031     6.1239   288.5346     0.0232    -0.0226    -0.9995     0.6854    -0.7274     0.0324    -0.7278    -0.6858    -0.0014     0.0007   112.6091
    6.0147     6.1127   288.0349     0.0229    -0.0223    -0.9995    -0.7146     0.6988    -0.0320     0.6991     0.7150     0.0001     0.0024   112.6078
    6.0263     6.1014   287.5353     0.0241    -0.0234    -0.9994     0.7167    -0.6966     0.0336    -0.6970    -0.7171     0.0000     0.0090   112.6141
    6.0338     6.0941   287.0356    -0.0047     0.0045    -1.0000    -0.7172     0.6968     0.0065     0.6968     0.7173    -0.0000     0.1697   112.5527
    6.0227     6.1048   286.5359    -0.0269     0.0261    -0.9993     0.7167    -0.6964    -0.0375    -0.6969    -0.7172     0.0000     0.0454   112.6296
    6.0115     6.1156   286.0363    -0.0210     0.0203    -0.9996    -0.7160     0.6975     0.0292     0.6978     0.7163    -0.0001     0.0122   112.5987
    6.0004     6.1264   285.5366    -0.0226     0.0219    -0.9995     0.7029    -0.7106    -0.0314    -0.7110    -0.7032     0.0007     0.0033   112.6065
    5.9893     6.1372   285.0369    -0.0221     0.0215    -0.9995    -0.5216     0.8527     0.0299     0.8529     0.5220    -0.0077     0.0010   112.6047
    5.9782     6.1480   284.5373    -0.0223     0.0215    -0.9995    -0.2386    -0.9710    -0.0155    -0.9709     0.2382     0.0268     0.0011   112.6054
    5.9670     6.1585   284.0376    -0.0226     0.0209    -0.9995    -0.5952    -0.8036    -0.0033    -0.8033     0.5948     0.0306     0.0017   112.6050
    5.9556     6.1689   283.5379    -0.0227     0.0205    -0.9995     0.9977    -0.0633    -0.0240    -0.0637    -0.9978    -0.0190     0.0007   112.6046
    5.9442     6.1792   283.0382    -0.0230     0.0209    -0.9995    -0.7719     0.6350     0.0310     0.6353     0.7722     0.0015     0.0024   112.6065
    5.9328     6.1895   282.5386    -0.0218     0.0197    -0.9996     0.7417    -0.6700    -0.0294    -0.6703    -0.7421    -0.0001     0.0091   112.6011
    5.9215     6.1998   282.0389    -0.0264     0.0239    -0.9994    -0.7394     0.6723     0.0356     0.6728     0.7399    -0.0000     0.0340   112.6241
    5.9101     6.2101   281.5392    -0.0092     0.0083    -0.9999     0.7396    -0.6729    -0.0124    -0.6729    -0.7397     0.0000     0.1269   112.5618
    5.9143     6.2063   281.0396     0.0202    -0.0185    -0.9996     0.7394    -0.6727     0.0274    -0.6729    -0.7397     0.0000     0.0324   112.5962
    5.9261     6.1955   280.5399     0.0246    -0.0224    -0.9994    -0.7395     0.6723    -0.0333     0.6727     0.7399    -0.0001     0.0087   112.6168
