Legend
======
Order:       curve order
Px,Py,Pz:    coordinates of point P on the centerline
Tx,Ty,Tz:    coordinates of the direction of the Tangent vector to point P
Nx,Ny,Nz:    coordinates of the direction of the Normal vector to point P
BNx,BNy,BNz: coordinates of the direction of the Binormal vector to point P
Dfit:        diameter of the best fit circle in point P
Dmin:        diameter of the inscribing circle in point P
Dmax:        diameter of the subscribing circle in point P
C:           curvature in point P
Dh:          hydraulic diameter in point P
Xh:          hydraulic ratio in point P
Scf:         distance of circumference in point P
Area:        sectional area in point P
E:           ellipticity in point P


Order: Cubic

[Main Branch Set] Branch Segment 1:

Point (14.0645, 249.8681, 149.8754) connects to:
    Branch Segment 2
    Branch Segment 3

        Px         Py         Pz         Tx         Ty         Tz         Nx         Ny         Nz        BNx        BNy        BNz          C       Area
   18.3186     6.6420   154.3628    -0.3691     0.8429    -0.3915    -0.6788    -0.5322    -0.5059    -0.6348     0.0790     0.7686        n/a   415.1636
   18.1342     7.0632   154.1673    -0.3691     0.8429    -0.3915     0.3641    -0.2564    -0.8954    -0.8551    -0.4730    -0.2123     0.0000   440.5006
   17.9498     7.4843   153.9717    -0.3691     0.8429    -0.3915     0.6788     0.5322     0.5059     0.6348    -0.0790    -0.7686     0.0000   464.9361
   17.7654     7.9054   153.7761    -0.3691     0.8429    -0.3915    -0.6788    -0.5322    -0.5059    -0.6348     0.0790     0.7686     0.0000   488.1499
   17.5810     8.3265   153.5806    -0.3691     0.8429    -0.3915     0.6788     0.5322     0.5059     0.6348    -0.0790    -0.7686     0.0000   509.9882
   17.3966     8.7476   153.3850    -0.3691     0.8429    -0.3915    -0.6788    -0.5322    -0.5059    -0.6348     0.0790     0.7686     0.0000   530.0593
   17.2123     9.1687   153.1894    -0.3691     0.8429    -0.3915     0.6788     0.5322     0.5059     0.6348    -0.0790    -0.7686     0.0001   548.0129
   17.0279     9.5898   152.9939    -0.3691     0.8429    -0.3915    -0.6788    -0.5322    -0.5059    -0.6348     0.0790     0.7686     0.0004   563.2765
   16.8435    10.0109   152.7983    -0.3689     0.8430    -0.3914     0.6789     0.5320     0.5060     0.6348    -0.0790    -0.7686     0.0016   574.8699
   16.6591    10.4320   152.6027    -0.3697     0.8425    -0.3919    -0.6785    -0.5329    -0.5056    -0.6348     0.0790     0.7686     0.0058   579.9564
   16.4747    10.8531   152.4071    -0.3670     0.8446    -0.3899     0.6800     0.5296     0.5071     0.6348    -0.0790    -0.7686     0.0217   578.5114
   16.2903    11.2743   152.2116    -0.3770     0.8367    -0.3973    -0.6745    -0.5420    -0.5013    -0.6348     0.0790     0.7686     0.0808   583.9970
   16.1059    11.6954   152.0160    -0.3391     0.8653    -0.3690     0.6943     0.4949     0.5225     0.6348    -0.0790    -0.7686     0.3028   564.6432
   15.9539    12.1389   151.8449    -0.2883     0.8987    -0.3305    -0.7169    -0.4314    -0.5477    -0.6348     0.0790     0.7686     0.0134   543.6809
   15.8092    12.5874   151.6792    -0.2901     0.8976    -0.3318     0.7161     0.4336     0.5470     0.6349    -0.0790    -0.7686     0.0036   544.3286
   15.6644    13.0360   151.5136    -0.2896     0.8979    -0.3315    -0.7155    -0.4331    -0.5482    -0.6358     0.0784     0.7679     0.0010   544.1576
   15.5197    13.4845   151.3480    -0.2897     0.8979    -0.3316     0.7052     0.4345     0.5603     0.6472    -0.0715    -0.7590     0.0003   544.2049
   15.3750    13.9331   151.1823    -0.2897     0.8979    -0.3315    -0.6438    -0.4391    -0.6266    -0.7082     0.0319     0.7053     0.0002   544.1997
   15.2303    14.3817   151.0167    -0.2897     0.8979    -0.3315     0.5975     0.4402     0.6703     0.7477    -0.0039    -0.6640     0.0004   544.1864
   15.0856    14.8302   150.8511    -0.2898     0.8978    -0.3317    -0.5917    -0.4405    -0.6752    -0.7522     0.0006     0.6589     0.0015   544.2586
   14.9408    15.2788   150.6854    -0.2892     0.8982    -0.3310     0.5916     0.4396     0.6759     0.7526    -0.0003    -0.6585     0.0054   543.9967
   14.7961    15.7273   150.5198    -0.2914     0.8966    -0.3335    -0.5905    -0.4429    -0.6747    -0.7526     0.0003     0.6585     0.0202   544.9891
   14.6514    16.1759   150.3542    -0.2832     0.9026    -0.3242     0.5945     0.4304     0.6792     0.7526    -0.0003    -0.6585     0.0759   541.3465
   14.5067    16.6244   150.1886    -0.3133     0.8794    -0.3585    -0.5791    -0.4762    -0.6617    -0.7526     0.0003     0.6585     0.2762   555.6654
   14.3620    17.0730   150.0229    -0.1957     0.9547    -0.2241     0.6287     0.2975     0.7185     0.7526    -0.0003    -0.6585     1.0685   511.8057
   14.3230    17.5588   149.9782    -0.0118     0.9998    -0.0140     0.6584     0.0183     0.7525     0.7526    -0.0003    -0.6585     0.1281   488.7097
   14.3231    18.0584   149.9780     0.0033     1.0000     0.0033    -0.6585     0.0047    -0.7526    -0.7526     0.0003     0.6585     0.0342   488.6348
   14.3231    18.5580   149.9778    -0.0008     1.0000    -0.0014     0.6585     0.0015     0.7526     0.7526    -0.0003    -0.6585     0.0091   488.6319
   14.3232    19.0576   149.9776     0.0003     1.0000    -0.0001    -0.6585     0.0001    -0.7526    -0.7526     0.0003     0.6585     0.0024   488.6333
   14.3232    19.5572   149.9774     0.0000     1.0000    -0.0004     0.6585     0.0003     0.7525     0.7525    -0.0003    -0.6585     0.0007   488.6351
   14.3233    20.0567   149.9773     0.0001     1.0000    -0.0003    -0.6594    -0.0002    -0.7518    -0.7518     0.0003     0.6594     0.0002   488.6370
   14.3233    20.5563   149.9771     0.0001     1.0000    -0.0004     0.6710     0.0002     0.7415     0.7415    -0.0003    -0.6710     0.0000   488.6389
   14.3234    21.0559   149.9769     0.0001     1.0000    -0.0004    -0.8346    -0.0001    -0.5508    -0.5508     0.0004     0.8346     0.0000   488.6408
   14.3234    21.5555   149.9767     0.0001     1.0000    -0.0004     0.4562    -0.0004    -0.8899    -0.8899    -0.0001    -0.4562     0.0000   488.6427
   14.3235    22.0551   149.9765     0.0001     1.0000    -0.0004    -0.2476     0.0004     0.9689     0.9689    -0.0000     0.2476     0.0000   488.6446
   14.3236    22.5546   149.9763     0.0001     1.0000    -0.0004     0.2341    -0.0004    -0.9722    -0.9722     0.0000    -0.2341     0.0002   488.6465
   14.3236    23.0542   149.9762     0.0001     1.0000    -0.0003    -0.2331     0.0003     0.9725     0.9725    -0.0000     0.2331     0.0007   488.6484
   14.3236    23.5538   149.9761     0.0000     1.0000    -0.0000    -0.2330     0.0000     0.9725     0.9725    -0.0000     0.2330     0.0003   488.6502
   14.3236    24.0534   149.9761     0.0000     1.0000     0.0000     0.2330     0.0000    -0.9725    -0.9725     0.0000    -0.2330     0.0001   488.6522
   14.3237    24.5530   149.9761     0.0000     1.0000     0.0000    -0.2330    -0.0000     0.9725     0.9725    -0.0000     0.2330     0.0000   488.6542
   14.3237    25.0526   149.9761     0.0000     1.0000     0.0000     0.2330     0.0000    -0.9725    -0.9725     0.0000    -0.2330     0.0000   488.6560
   14.3237    25.5521   149.9761     0.0000     1.0000     0.0000    -0.2329    -0.0000     0.9725     0.9725    -0.0000     0.2329     0.0000   488.6580
   14.3237    26.0517   149.9761     0.0000     1.0000     0.0000     0.2327     0.0000    -0.9725    -0.9725     0.0000    -0.2327     0.0000   488.6599
   14.3237    26.5513   149.9761     0.0000     1.0000     0.0000    -0.2293    -0.0000     0.9733     0.9733    -0.0000     0.2293     0.0000   488.6619
   14.3237    27.0509   149.9762     0.0000     1.0000     0.0000     0.1836     0.0000    -0.9830    -0.9830     0.0000    -0.1836     0.0000   488.6638
   14.3237    27.5505   149.9762     0.0000     1.0000     0.0000     0.2331    -0.0000     0.9724     0.9724    -0.0000    -0.2331     0.0000   488.6658
   14.3237    28.0500   149.9762     0.0000     1.0000     0.0000    -0.6690     0.0000    -0.7433    -0.7433     0.0000     0.6690     0.0000   488.6677
   14.3237    28.5496   149.9762     0.0000     1.0000     0.0000     0.7158    -0.0000     0.6983     0.6983     0.0000    -0.7158     0.0000   488.6698
   14.3237    29.0492   149.9762     0.0000     1.0000     0.0000    -0.7192     0.0000    -0.6948    -0.6948    -0.0000     0.7192     0.0000   488.6717
   14.3237    29.5488   149.9762     0.0000     1.0000     0.0000    -0.7195     0.0000    -0.6945    -0.6945    -0.0000     0.7195     0.0000   488.6737
   14.3237    30.0484   149.9762     0.0000     1.0000     0.0000     0.7194    -0.0000     0.6945     0.6945     0.0000    -0.7194     0.0000   488.6756
   14.3238    30.5479   149.9762     0.0000     1.0000     0.0000    -0.7194     0.0000    -0.6946    -0.6946    -0.0000     0.7194     0.0000   488.6777
   14.3238    31.0475   149.9762     0.0000     1.0000     0.0000     0.7191    -0.0000     0.6949     0.6949     0.0000    -0.7191     0.0000   488.6797
   14.3238    31.5471   149.9762     0.0000     1.0000     0.0000    -0.7157     0.0000    -0.6984    -0.6984    -0.0000     0.7157     0.0000   488.6817
   14.3238    32.0467   149.9763     0.0000     1.0000     0.0000     0.6809    -0.0000     0.7324     0.7324    -0.0000    -0.6809     0.0000   488.6837
   14.3238    32.5463   149.9763     0.0000     1.0000     0.0000    -0.6060     0.0000    -0.7955    -0.7955     0.0000     0.6060     0.0000   488.6858
   14.3238    33.0459   149.9763     0.0000     1.0000     0.0000     0.5878    -0.0000     0.8090     0.8090    -0.0000    -0.5878     0.0000   488.6877
   14.3238    33.5454   149.9763     0.0000     1.0000     0.0000    -0.5863     0.0000    -0.8101    -0.8101     0.0000     0.5863     0.0000   488.6897
   14.3238    34.0450   149.9763     0.0000     1.0000     0.0000     0.5862    -0.0000     0.8102     0.8102    -0.0000    -0.5862     0.0000   488.6918
   14.3238    34.5446   149.9763     0.0000     1.0000     0.0000    -0.5862     0.0000    -0.8102    -0.8102     0.0000     0.5862     0.0000   488.6938
   14.3238    35.0442   149.9763     0.0000     1.0000     0.0000     0.5862    -0.0000     0.8102     0.8102    -0.0000    -0.5862     0.0000   488.6959
   14.3238    35.5438   149.9763     0.0000     1.0000     0.0000    -0.5862     0.0000    -0.8102    -0.8102     0.0000     0.5862     0.0000   488.6978
   14.3239    36.0433   149.9763     0.0000     1.0000     0.0000     0.5862    -0.0000     0.8102     0.8102    -0.0000    -0.5862     0.0000   488.6999
   14.3239    36.5429   149.9763     0.0000     1.0000     0.0000    -0.5862     0.0000    -0.8102    -0.8102     0.0000     0.5862     0.0000   488.7019
   14.3239    37.0425   149.9763     0.0000     1.0000     0.0000     0.5865    -0.0000     0.8100     0.8100    -0.0000    -0.5865     0.0000   488.7040
   14.3239    37.5421   149.9763     0.0000     1.0000     0.0000    -0.5906     0.0000    -0.8070    -0.8070     0.0000     0.5906     0.0000   488.7061
   14.3239    38.0417   149.9764     0.0000     1.0000     0.0000     0.6402    -0.0000     0.7682     0.7682    -0.0000    -0.6402     0.0000   488.7082
   14.3239    38.5412   149.9764     0.0000     1.0000     0.0000    -0.8420     0.0000    -0.5395    -0.5395    -0.0000     0.8420     0.0000   488.7102
   14.3239    39.0408   149.9764     0.0000     1.0000     0.0000     0.9184    -0.0000     0.3958     0.3958     0.0000    -0.9184     0.0000   488.7122
   14.3239    39.5404   149.9764     0.0000     1.0000     0.0000    -0.9249     0.0000    -0.3803    -0.3803    -0.0000     0.9249     0.0000   488.7143
   14.3239    40.0400   149.9764     0.0000     1.0000     0.0000     0.9253    -0.0000     0.3792     0.3792     0.0000    -0.9253     0.0000   488.7164
   14.3239    40.5396   149.9764     0.0000     1.0000     0.0000    -0.9254     0.0000    -0.3791    -0.3791    -0.0000     0.9254     0.0000   488.7185
   14.3239    41.0392   149.9764     0.0000     1.0000     0.0000     0.9254    -0.0000     0.3791     0.3791     0.0000    -0.9254     0.0000   488.7206
   14.3239    41.5387   149.9764     0.0000     1.0000     0.0000    -0.9254     0.0000    -0.3791    -0.3791    -0.0000     0.9254     0.0000   488.7227
   14.3239    42.0383   149.9764     0.0000     1.0000     0.0000     0.9254    -0.0000     0.3791     0.3791     0.0000    -0.9254     0.0000   488.7248
   14.3239    42.5379   149.9764     0.0000     1.0000     0.0000    -0.9254     0.0000    -0.3791    -0.3791    -0.0000     0.9254     0.0000   488.7269
   14.3239    43.0375   149.9764     0.0000     1.0000     0.0000     0.9254    -0.0000     0.3791     0.3791     0.0000    -0.9254     0.0000   488.7290
   14.3240    43.5371   149.9764     0.0000     1.0000     0.0000    -0.9252     0.0000    -0.3795    -0.3795    -0.0000     0.9252     0.0000   488.7311
   14.3240    44.0366   149.9764     0.0000     1.0000     0.0000     0.9230    -0.0000     0.3849     0.3849     0.0000    -0.9230     0.0000   488.7333
   14.3240    44.5362   149.9764     0.0000     1.0000     0.0000    -0.8901     0.0000    -0.4558    -0.4558    -0.0000     0.8901     0.0000   488.7354
   14.3240    45.0358   149.9765     0.0000     1.0000     0.0000     0.4973    -0.0000     0.8676     0.8676    -0.0000    -0.4973     0.0000   488.7376
   14.3240    45.5354   149.9765     0.0000     1.0000     0.0000    -0.0931     0.0000    -0.9957    -0.9957     0.0000     0.0931     0.0000   488.7397
   14.3240    46.0350   149.9765     0.0000     1.0000     0.0000     0.0492    -0.0000     0.9988     0.9988    -0.0000    -0.0492     0.0000   488.7418
   14.3240    46.5345   149.9765     0.0000     1.0000     0.0000    -0.0460     0.0000    -0.9989    -0.9989     0.0000     0.0460     0.0000   488.7440
   14.3240    47.0341   149.9765     0.0000     1.0000     0.0000     0.0458    -0.0000     0.9990     0.9990    -0.0000    -0.0458     0.0000   488.7461
   14.3240    47.5337   149.9765     0.0000     1.0000     0.0000    -0.0458     0.0000    -0.9990    -0.9990     0.0000     0.0458     0.0000   488.7483
   14.3240    48.0333   149.9765     0.0000     1.0000     0.0000    -0.0458     0.0000    -0.9990    -0.9990     0.0000     0.0458     0.0000   488.7504
   14.3240    48.5329   149.9765     0.0000     1.0000     0.0000     0.0458    -0.0000     0.9990     0.9990    -0.0000    -0.0458     0.0000   488.7527
   14.3240    49.0325   149.9765     0.0000     1.0000     0.0000    -0.0460     0.0000    -0.9989    -0.9989     0.0000     0.0460     0.0000   488.7548
   14.3240    49.5320   149.9765     0.0000     1.0000     0.0000     0.0493    -0.0000     0.9988     0.9988    -0.0000    -0.0493     0.0000   488.7570
   14.3240    50.0316   149.9765     0.0000     1.0000     0.0000    -0.0937     0.0000    -0.9956    -0.9956     0.0000     0.0937     0.0000   488.7592
   14.3240    50.5312   149.9765     0.0000     1.0000     0.0000     0.5199    -0.0000     0.8542     0.8542    -0.0000    -0.5199     0.0000   488.7615
   14.3240    51.0308   149.9765     0.0000     1.0000     0.0000    -0.9263     0.0000    -0.3769    -0.3769    -0.0000     0.9263     0.0000   488.7636
   14.3240    51.5304   149.9765     0.0000     1.0000     0.0000     0.9547    -0.0000     0.2976     0.2976     0.0000    -0.9547     0.0000   488.7658
   14.3240    52.0299   149.9765     0.0000     1.0000     0.0000    -0.9565     0.0000    -0.2916    -0.2916    -0.0000     0.9565     0.0000   488.7680
   14.3240    52.5295   149.9765     0.0000     1.0000     0.0000     0.9567    -0.0000     0.2910     0.2910     0.0000    -0.9567     0.0000   488.7702
   14.3240    53.0291   149.9766     0.0000     1.0000     0.0000    -0.9567     0.0000    -0.2910    -0.2910    -0.0000     0.9567     0.0000   488.7725
   14.3240    53.5287   149.9766     0.0000     1.0000     0.0000     0.9567    -0.0000     0.2910     0.2910     0.0000    -0.9567     0.0000   488.7746
   14.3240    54.0283   149.9766     0.0000     1.0000     0.0000     0.9567    -0.0000     0.2910     0.2910     0.0000    -0.9567     0.0000   488.7769
   14.3240    54.5278   149.9766     0.0000     1.0000     0.0000    -0.9567     0.0000    -0.2910    -0.2910    -0.0000     0.9567     0.0000   488.7791
   14.3240    55.0274   149.9766     0.0000     1.0000     0.0000     0.9567    -0.0000     0.2910     0.2910     0.0000    -0.9567     0.0000   488.7813
   14.3240    55.5270   149.9766     0.0000     1.0000     0.0000    -0.9567     0.0000    -0.2910    -0.2910    -0.0000     0.9567     0.0000   488.7835
   14.3241    56.0266   149.9766     0.0000     1.0000     0.0000     0.9565    -0.0000     0.2916     0.2916     0.0000    -0.9565     0.0000   488.7859
   14.3241    56.5262   149.9766     0.0000     1.0000     0.0000    -0.9546     0.0000    -0.2980    -0.2980    -0.0000     0.9546     0.0000   488.7881
   14.3241    57.0258   149.9766     0.0000     1.0000     0.0000     0.9492    -0.0000     0.3148     0.3148     0.0000    -0.9492     0.0000   488.7903
   14.3241    57.5253   149.9766     0.0000     1.0000     0.0000    -0.9475     0.0000    -0.3199    -0.3199    -0.0000     0.9475     0.0000   488.7926
   14.3241    58.0249   149.9766     0.0000     1.0000     0.0000     0.9473    -0.0000     0.3203     0.3203     0.0000    -0.9473     0.0000   488.7948
   14.3241    58.5245   149.9766     0.0000     1.0000     0.0000    -0.9473     0.0000    -0.3203    -0.3203    -0.0000     0.9473     0.0000   488.7972
   14.3241    59.0241   149.9766     0.0000     1.0000     0.0000     0.9473    -0.0000     0.3203     0.3203     0.0000    -0.9473     0.0000   488.7994
   14.3241    59.5237   149.9766     0.0000     1.0000     0.0000    -0.9473     0.0000    -0.3203    -0.3203    -0.0000     0.9473     0.0000   488.8017
   14.3241    60.0232   149.9766     0.0000     1.0000     0.0000     0.9473    -0.0000     0.3203     0.3203     0.0000    -0.9473     0.0000   488.8040
   14.3241    60.5228   149.9766     0.0000     1.0000     0.0000    -0.9473     0.0000    -0.3203    -0.3203    -0.0000     0.9473     0.0000   488.8063
   14.3241    61.0224   149.9767     0.0000     1.0000     0.0000     0.9473    -0.0000     0.3203     0.3203     0.0000    -0.9473     0.0000   488.8086
   14.3241    61.5220   149.9767     0.0000     1.0000     0.0000    -0.9473     0.0000    -0.3204    -0.3204    -0.0000     0.9473     0.0000   488.8109
   14.3241    62.0216   149.9767     0.0000     1.0000     0.0000     0.9471    -0.0000     0.3209     0.3209     0.0000    -0.9471     0.0000   488.8132
   14.3241    62.5211   149.9767     0.0000     1.0000     0.0000    -0.9444     0.0000    -0.3288    -0.3288    -0.0000     0.9444     0.0000   488.8155
   14.3241    63.0207   149.9767     0.0000     1.0000     0.0000     0.8931    -0.0000     0.4499     0.4499     0.0000    -0.8931     0.0000   488.8179
   14.3241    63.5203   149.9767     0.0000     1.0000     0.0000     0.6415     0.0000    -0.7671    -0.7671     0.0000    -0.6415     0.0000   488.8202
   14.3242    64.0199   149.9767     0.0000     1.0000     0.0000    -0.8782     0.0000     0.4784     0.4784    -0.0000     0.8782     0.0000   488.8224
   14.3242    64.5195   149.9767     0.0000     1.0000     0.0000     0.8877    -0.0000    -0.4604    -0.4604     0.0000    -0.8877     0.0000   488.8248
   14.3242    65.0191   149.9767     0.0000     1.0000     0.0000    -0.8884     0.0000     0.4591     0.4591    -0.0000     0.8884     0.0000   488.8271
   14.3242    65.5186   149.9767     0.0000     1.0000     0.0000     0.8884    -0.0000    -0.4590    -0.4590     0.0000    -0.8884     0.0000   488.8295
   14.3242    66.0182   149.9767     0.0000     1.0000     0.0000    -0.8884     0.0000     0.4590     0.4590    -0.0000     0.8884     0.0000   488.8318
   14.3242    66.5178   149.9767     0.0000     1.0000     0.0000    -0.8885     0.0000     0.4589     0.4589    -0.0000     0.8885     0.0000   488.8341
   14.3242    67.0174   149.9767     0.0000     1.0000     0.0000     0.8891    -0.0000    -0.4576    -0.4576     0.0000    -0.8891     0.0000   488.8365
   14.3242    67.5170   149.9768     0.0000     1.0000     0.0000    -0.8984     0.0000     0.4393     0.4393    -0.0000     0.8984     0.0000   488.8388
   14.3242    68.0165   149.9768     0.0000     1.0000     0.0000     0.9536    -0.0000    -0.3011    -0.3011     0.0000    -0.9536     0.0000   488.8411
   14.3242    68.5161   149.9768     0.0000     1.0000     0.0000    -0.9880     0.0000     0.1545     0.1545    -0.0000     0.9880     0.0000   488.8436
   14.3242    69.0157   149.9768     0.0000     1.0000     0.0000     0.9911    -0.0000    -0.1331    -0.1331     0.0000    -0.9911     0.0000   488.8460
   14.3242    69.5153   149.9768     0.0000     1.0000     0.0000    -0.9913     0.0000     0.1314     0.1314    -0.0000     0.9913     0.0000   488.8483
   14.3242    70.0149   149.9768     0.0000     1.0000     0.0000     0.9914    -0.0000    -0.1312    -0.1312     0.0000    -0.9914     0.0000   488.8508
   14.3243    70.5144   149.9768     0.0000     1.0000     0.0000    -0.9914     0.0000     0.1312     0.1312    -0.0000     0.9914     0.0000   488.8532
   14.3243    71.0140   149.9768     0.0000     1.0000     0.0000     0.9914    -0.0000    -0.1312    -0.1312     0.0000    -0.9914     0.0000   488.8555
   14.3243    71.5136   149.9768     0.0000     1.0000     0.0000    -0.9914     0.0000     0.1312     0.1312    -0.0000     0.9914     0.0000   488.8579
   14.3243    72.0132   149.9768     0.0000     1.0000     0.0000     0.9914    -0.0000    -0.1312    -0.1312     0.0000    -0.9914     0.0000   488.8603
   14.3243    72.5128   149.9768     0.0000     1.0000     0.0000     0.9914    -0.0000    -0.1312    -0.1312     0.0000    -0.9914     0.0000   488.8627
   14.3243    73.0124   149.9768     0.0000     1.0000     0.0000    -0.9914     0.0000     0.1312     0.1312    -0.0000     0.9914     0.0000   488.8652
   14.3243    73.5119   149.9768     0.0000     1.0000     0.0000     0.9914    -0.0000    -0.1312    -0.1312     0.0000    -0.9914     0.0000   488.8676
   14.3243    74.0115   149.9769     0.0000     1.0000     0.0000    -0.9914     0.0000     0.1310     0.1310    -0.0000     0.9914     0.0000   488.8700
   14.3243    74.5111   149.9769     0.0000     1.0000     0.0000     0.9916    -0.0000    -0.1292    -0.1292     0.0000    -0.9916     0.0000   488.8724
   14.3243    75.0107   149.9769     0.0000     1.0000     0.0000    -0.9946     0.0000     0.1035     0.1035    -0.0000     0.9946     0.0000   488.8749
   14.3243    75.5103   149.9769     0.0000     1.0000     0.0000     0.8349    -0.0000     0.5504     0.5504    -0.0000    -0.8349     0.0000   488.8773
   14.3244    76.0098   149.9769     0.0000     1.0000     0.0000     0.7167    -0.0000    -0.6974    -0.6974     0.0000    -0.7167     0.0000   488.8797
   14.3244    76.5094   149.9769     0.0000     1.0000     0.0000    -0.7565     0.0000     0.6540     0.6540    -0.0000     0.7565     0.0000   488.8822
   14.3244    77.0090   149.9769     0.0000     1.0000     0.0000     0.7590    -0.0000    -0.6511    -0.6511     0.0000    -0.7590     0.0000   488.8846
   14.3244    77.5086   149.9769     0.0000     1.0000     0.0000    -0.7592     0.0000     0.6509     0.6509    -0.0000     0.7592     0.0000   488.8871
   14.3244    78.0082   149.9769     0.0000     1.0000     0.0000     0.7592    -0.0000    -0.6508    -0.6508     0.0000    -0.7592     0.0000   488.8896
   14.3244    78.5077   149.9769     0.0000     1.0000     0.0000     0.7592    -0.0000    -0.6508    -0.6508     0.0000    -0.7592     0.0000   488.8920
   14.3244    79.0073   149.9769     0.0000     1.0000     0.0000    -0.7592     0.0000     0.6508     0.6508    -0.0000     0.7592     0.0000   488.8945
   14.3244    79.5069   149.9769     0.0000     1.0000     0.0000     0.7592    -0.0000    -0.6509    -0.6509     0.0000    -0.7592     0.0000   488.8970
   14.3245    80.0065   149.9769     0.0000     1.0000     0.0000    -0.7590     0.0000     0.6511     0.6511    -0.0000     0.7590     0.0000   488.8995
   14.3245    80.5061   149.9769     0.0000     1.0000     0.0000     0.7561    -0.0000    -0.6545    -0.6545     0.0000    -0.7561     0.0000   488.9020
   14.3245    81.0057   149.9769     0.0000     1.0000     0.0000    -0.7153     0.0000     0.6988     0.6988    -0.0000     0.7153     0.0000   488.9045
   14.3245    81.5052   149.9769     0.0000     1.0000     0.0000     0.2879     0.0000    -0.9577    -0.9577     0.0000    -0.2879     0.0000   488.9069
   14.3245    82.0048   149.9770     0.0000     1.0000     0.0000     0.1893    -0.0000     0.9819     0.9819    -0.0000    -0.1893     0.0000   488.9095
   14.3245    82.5044   149.9770     0.0000     1.0000     0.0000    -0.2433     0.0000    -0.9700    -0.9700     0.0000     0.2433     0.0000   488.9119
   14.3245    83.0040   149.9770     0.0000     1.0000     0.0000     0.2472    -0.0000     0.9690     0.9690    -0.0000    -0.2472     0.0000   488.9145
   14.3246    83.5036   149.9770     0.0000     1.0000     0.0000    -0.2475     0.0000    -0.9689    -0.9689     0.0000     0.2475     0.0000   488.9170
   14.3246    84.0031   149.9770     0.0000     1.0000     0.0000     0.2475    -0.0000     0.9689     0.9689    -0.0000    -0.2475     0.0000   488.9196
   14.3246    84.5027   149.9770     0.0000     1.0000     0.0000    -0.2475     0.0000    -0.9689    -0.9689     0.0000     0.2475     0.0000   488.9221
   14.3246    85.0023   149.9770     0.0000     1.0000     0.0000     0.2475    -0.0000     0.9689     0.9689    -0.0000    -0.2475     0.0000   488.9246
   14.3246    85.5019   149.9770     0.0000     1.0000     0.0000    -0.2475     0.0000    -0.9689    -0.9689     0.0000     0.2475     0.0000   488.9271
   14.3246    86.0015   149.9770     0.0000     1.0000     0.0000     0.2472    -0.0000     0.9690     0.9690    -0.0000    -0.2472     0.0000   488.9296
   14.3246    86.5010   149.9770     0.0000     1.0000     0.0000    -0.2430     0.0000    -0.9700    -0.9700     0.0000     0.2430     0.0000   488.9322
   14.3247    87.0006   149.9770     0.0000     1.0000     0.0000     0.1891    -0.0000     0.9820     0.9820    -0.0000    -0.1891     0.0000   488.9348
   14.3247    87.5002   149.9770     0.0000     1.0000     0.0000     0.1127     0.0000    -0.9936    -0.9936     0.0000    -0.1127     0.0000   488.9373
   14.3247    87.9998   149.9770     0.0000     1.0000     0.0000    -0.2973     0.0000     0.9548     0.9548    -0.0000     0.2973     0.0000   488.9399
   14.3247    88.4994   149.9770     0.0000     1.0000     0.0000     0.3169    -0.0000    -0.9485    -0.9485     0.0000    -0.3169     0.0000   488.9425
   14.3247    88.9990   149.9770     0.0000     1.0000     0.0000    -0.3183     0.0000     0.9480     0.9480    -0.0000     0.3183     0.0000   488.9450
   14.3247    89.4985   149.9770     0.0000     1.0000     0.0000     0.3184    -0.0000    -0.9479    -0.9479     0.0000    -0.3184     0.0000   488.9477
   14.3247    89.9981   149.9770     0.0000     1.0000     0.0000    -0.3185     0.0000     0.9479     0.9479    -0.0000     0.3185     0.0000   488.9503
   14.3247    90.4977   149.9770     0.0000     1.0000     0.0000     0.3185    -0.0000    -0.9479    -0.9479     0.0000    -0.3185     0.0000   488.9528
   14.3248    90.9973   149.9770     0.0000     1.0000    -0.0000     0.3185    -0.0000    -0.9479    -0.9479     0.0000    -0.3185     0.0000   488.9554
   14.3248    91.4969   149.9770     0.0000     1.0000    -0.0000    -0.3185     0.0000     0.9479     0.9479    -0.0000     0.3185     0.0000   488.9580
   14.3248    91.9964   149.9770     0.0000     1.0000    -0.0000     0.3187    -0.0000    -0.9479    -0.9479     0.0000    -0.3187     0.0000   488.9606
   14.3248    92.4960   149.9770     0.0000     1.0000    -0.0000    -0.3219     0.0000     0.9468     0.9468    -0.0000     0.3219     0.0000   488.9632
   14.3248    92.9956   149.9770     0.0000     1.0000    -0.0000     0.3682    -0.0000    -0.9298    -0.9298     0.0000    -0.3682     0.0000   488.9658
   14.3248    93.4952   149.9770     0.0000     1.0000    -0.0000    -1.0000     0.0000     0.0082     0.0082     0.0000     1.0000     0.0000   488.9685
   14.3249    93.9948   149.9770     0.0000     1.0000    -0.0000     0.4517    -0.0000     0.8922     0.8922    -0.0000    -0.4517     0.0000   488.9711
   14.3249    94.4943   149.9770     0.0000     1.0000    -0.0000    -0.4100     0.0000    -0.9121    -0.9121     0.0000     0.4100     0.0000   488.9737
   14.3249    94.9939   149.9770     0.0000     1.0000    -0.0000     0.4071    -0.0000     0.9134     0.9134    -0.0000    -0.4071     0.0000   488.9763
   14.3249    95.4935   149.9770     0.0000     1.0000    -0.0000    -0.4069     0.0000    -0.9135    -0.9135     0.0000     0.4069     0.0000   488.9790
   14.3249    95.9931   149.9770     0.0000     1.0000    -0.0000     0.4069    -0.0000     0.9135     0.9135    -0.0000    -0.4069     0.0000   488.9817
   14.3249    96.4927   149.9770     0.0000     1.0000    -0.0000    -0.4069     0.0000    -0.9135    -0.9135     0.0000     0.4069     0.0000   488.9843
   14.3249    96.9923   149.9770     0.0000     1.0000    -0.0000    -0.4069    -0.0000    -0.9135    -0.9135     0.0000     0.4069     0.0000   488.9869
   14.3250    97.4918   149.9770     0.0000     1.0000    -0.0000     0.4069     0.0000     0.9135     0.9135    -0.0000    -0.4069     0.0000   488.9896
   14.3250    97.9914   149.9769     0.0000     1.0000    -0.0000    -0.4069    -0.0000    -0.9135    -0.9135     0.0000     0.4069     0.0000   488.9923
   14.3250    98.4910   149.9769     0.0000     1.0000    -0.0000     0.4068     0.0000     0.9135     0.9135    -0.0000    -0.4068     0.0000   488.9950
   14.3250    98.9906   149.9769     0.0000     1.0000    -0.0000    -0.4062    -0.0000    -0.9138    -0.9138     0.0000     0.4062     0.0000   488.9976
   14.3250    99.4902   149.9769     0.0000     1.0000    -0.0000     0.3976     0.0000     0.9176     0.9176    -0.0000    -0.3976     0.0000   489.0003
   14.3250    99.9897   149.9769     0.0000     1.0000    -0.0000    -0.2705    -0.0000    -0.9627    -0.9627     0.0000     0.2705     0.0000   489.0030
   14.3250   100.4893   149.9769     0.0000     1.0000    -0.0000    -0.7736     0.0000     0.6337     0.6337    -0.0000     0.7736     0.0000   489.0057
   14.3251   100.9889   149.9769     0.0000     1.0000    -0.0000     0.9749    -0.0000    -0.2229    -0.2229    -0.0000    -0.9749     0.0000   489.0084
   14.3251   101.4885   149.9769     0.0000     1.0000    -0.0000    -0.9815     0.0000     0.1913     0.1913     0.0000     0.9815     0.0000   489.0111
   14.3251   101.9881   149.9769     0.0000     1.0000    -0.0000     0.9820    -0.0000    -0.1890    -0.1890    -0.0000    -0.9820     0.0000   489.0138
   14.3251   102.4876   149.9769     0.0000     1.0000    -0.0000    -0.9820     0.0000     0.1889     0.1889     0.0000     0.9820     0.0000   489.0165
   14.3251   102.9872   149.9769     0.0000     1.0000    -0.0000    -0.9820     0.0000     0.1889     0.1889     0.0000     0.9820     0.0000   489.0193
   14.3251   103.4868   149.9769     0.0000     1.0000    -0.0000     0.9820    -0.0000    -0.1889    -0.1889    -0.0000    -0.9820     0.0000   489.0219
   14.3251   103.9864   149.9769     0.0000     1.0000    -0.0000    -0.9820     0.0000     0.1889     0.1889     0.0000     0.9820     0.0000   489.0247
   14.3251   104.4860   149.9769     0.0000     1.0000    -0.0000     0.9820    -0.0000    -0.1890    -0.1890    -0.0000    -0.9820     0.0000   489.0274
   14.3251   104.9856   149.9769     0.0000     1.0000    -0.0000    -0.9818     0.0000     0.1898     0.1898     0.0000     0.9818     0.0000   489.0302
   14.3252   105.4851   149.9768     0.0000     1.0000    -0.0000     0.9794    -0.0000    -0.2020    -0.2020    -0.0000    -0.9794     0.0000   489.0329
   14.3252   105.9847   149.9768     0.0000     1.0000    -0.0000    -0.9320     0.0000     0.3624     0.3624     0.0000     0.9320     0.0000   489.0356
   14.3252   106.4843   149.9768     0.0000     1.0000    -0.0000     0.2501    -0.0000    -0.9682    -0.9682     0.0000    -0.2501     0.0000   489.0384
   14.3252   106.9839   149.9768     0.0000     1.0000    -0.0000     0.0751     0.0000     0.9972     0.9972    -0.0000    -0.0751     0.0000   489.0411
   14.3252   107.4835   149.9768     0.0000     1.0000    -0.0000    -0.1005    -0.0000    -0.9949    -0.9949     0.0000     0.1005     0.0000   489.0439
   14.3252   107.9830   149.9768     0.0000     1.0000    -0.0000     0.1023     0.0000     0.9948     0.9948    -0.0000    -0.1023     0.0000   489.0467
   14.3252   108.4826   149.9768     0.0000     1.0000    -0.0000    -0.1024    -0.0000    -0.9947    -0.9947     0.0000     0.1024     0.0000   489.0494
   14.3252   108.9822   149.9768     0.0000     1.0000    -0.0000     0.1024     0.0000     0.9947     0.9947    -0.0000    -0.1024     0.0000   489.0522
   14.3252   109.4818   149.9768     0.0000     1.0000    -0.0000    -0.1024    -0.0000    -0.9947    -0.9947     0.0000     0.1024     0.0000   489.0550
   14.3253   109.9814   149.9768     0.0000     1.0000    -0.0000     0.1024     0.0000     0.9947     0.9947    -0.0000    -0.1024     0.0000   489.0578
   14.3253   110.4809   149.9768     0.0000     1.0000    -0.0000    -0.1017    -0.0000    -0.9948    -0.9948     0.0000     0.1017     0.0000   489.0606
   14.3253   110.9805   149.9768     0.0000     1.0000    -0.0000     0.0920     0.0000     0.9958     0.9958    -0.0000    -0.0920     0.0000   489.0633
   14.3253   111.4801   149.9768     0.0000     1.0000    -0.0000     0.1487    -0.0000    -0.9889    -0.9889     0.0000    -0.1487     0.0000   489.0662
   14.3253   111.9797   149.9768     0.0000     1.0000    -0.0000    -0.4428    -0.0000    -0.8966    -0.8966     0.0000     0.4428     0.0000   489.0690
   14.3253   112.4793   149.9768     0.0000     1.0000    -0.0000     0.3977     0.0000     0.9175     0.9175    -0.0000    -0.3977     0.0000   489.0718
   14.3253   112.9789   149.9768     0.0000     1.0000    -0.0000    -0.3949    -0.0000    -0.9187    -0.9187     0.0000     0.3949     0.0000   489.0746
   14.3253   113.4784   149.9767     0.0000     1.0000    -0.0000     0.3947     0.0000     0.9188     0.9188    -0.0000    -0.3947     0.0000   489.0774
   14.3253   113.9780   149.9767     0.0000     1.0000    -0.0000    -0.3946    -0.0000    -0.9188    -0.9188     0.0000     0.3946     0.0000   489.0802
   14.3253   114.4776   149.9767     0.0000     1.0000    -0.0000     0.3946     0.0000     0.9188     0.9188    -0.0000    -0.3946     0.0000   489.0830
   14.3254   114.9772   149.9767     0.0000     1.0000    -0.0000    -0.3946    -0.0000    -0.9188    -0.9188     0.0000     0.3946     0.0000   489.0858
   14.3254   115.4768   149.9767     0.0000     1.0000    -0.0000    -0.3946    -0.0000    -0.9188    -0.9188     0.0000     0.3946     0.0000   489.0887
   14.3254   115.9763   149.9767     0.0000     1.0000    -0.0000     0.3946     0.0000     0.9188     0.9188    -0.0000    -0.3946     0.0000   489.0916
   14.3254   116.4759   149.9767     0.0000     1.0000    -0.0000    -0.3945    -0.0000    -0.9189    -0.9189     0.0000     0.3945     0.0000   489.0944
   14.3254   116.9755   149.9767     0.0000     1.0000    -0.0000     0.3924     0.0000     0.9198     0.9198    -0.0000    -0.3924     0.0000   489.0973
   14.3254   117.4751   149.9767     0.0000     1.0000    -0.0000    -0.3617    -0.0000    -0.9323    -0.9323     0.0000     0.3617     0.0000   489.1002
   14.3254   117.9747   149.9767     0.0000     1.0000    -0.0000    -0.2885     0.0000     0.9575     0.9575    -0.0000     0.2885     0.0000   489.1030
   14.3254   118.4742   149.9767     0.0000     1.0000    -0.0000     0.9731    -0.0000     0.2302     0.2302    -0.0000    -0.9731     0.0000   489.1059
   14.3254   118.9738   149.9767     0.0000     1.0000    -0.0000    -0.9505     0.0000    -0.3108    -0.3108     0.0000     0.9505     0.0000   489.1088
   14.3254   119.4734   149.9766     0.0000     1.0000    -0.0000     0.9487    -0.0000     0.3162     0.3162    -0.0000    -0.9487     0.0000   489.1116
   14.3254   119.9730   149.9766     0.0000     1.0000    -0.0000    -0.9486     0.0000    -0.3165    -0.3165     0.0000     0.9486     0.0000   489.1145
   14.3255   120.4726   149.9766     0.0000     1.0000    -0.0000     0.9486    -0.0000     0.3166     0.3166    -0.0000    -0.9486     0.0000   489.1174
   14.3255   120.9721   149.9766     0.0000     1.0000    -0.0000    -0.9486     0.0000    -0.3166    -0.3166     0.0000     0.9486     0.0000   489.1203
   14.3255   121.4717   149.9766     0.0000     1.0000    -0.0000    -0.9486     0.0000    -0.3166    -0.3166     0.0000     0.9486     0.0000   489.1232
   14.3255   121.9713   149.9766     0.0000     1.0000    -0.0000     0.9486    -0.0000     0.3166     0.3166    -0.0000    -0.9486     0.0000   489.1261
   14.3255   122.4709   149.9766     0.0000     1.0000    -0.0000    -0.9486     0.0000    -0.3166    -0.3166     0.0000     0.9486     0.0000   489.1290
   14.3255   122.9705   149.9766     0.0000     1.0000    -0.0000     0.9486    -0.0000     0.3165     0.3165    -0.0000    -0.9486     0.0000   489.1319
   14.3255   123.4701   149.9766     0.0000     1.0000    -0.0000    -0.9489     0.0000    -0.3157    -0.3157     0.0000     0.9489     0.0000   489.1349
   14.3255   123.9696   149.9766     0.0000     1.0000    -0.0000     0.9526    -0.0000     0.3043     0.3043    -0.0000    -0.9526     0.0000   489.1378
   14.3255   124.4692   149.9765     0.0000     1.0000    -0.0000    -0.9880     0.0000    -0.1544    -0.1544     0.0000     0.9880     0.0000   489.1407
   14.3255   124.9688   149.9765     0.0000     1.0000    -0.0000     0.8327    -0.0000    -0.5538    -0.5538    -0.0000    -0.8327     0.0000   489.1436
   14.3255   125.4684   149.9765     0.0000     1.0000    -0.0000    -0.6523     0.0000     0.7580     0.7580     0.0000     0.6523     0.0000   489.1466
   14.3255   125.9680   149.9765     0.0000     1.0000    -0.0000     0.6346    -0.0000    -0.7728    -0.7728    -0.0000    -0.6346     0.0000   489.1495
   14.3255   126.4675   149.9765     0.0000     1.0000    -0.0000    -0.6333     0.0000     0.7739     0.7739     0.0000     0.6333     0.0000   489.1525
   14.3255   126.9671   149.9765     0.0000     1.0000    -0.0000     0.6332    -0.0000    -0.7740    -0.7740    -0.0000    -0.6332     0.0000   489.1554
   14.3255   127.4667   149.9765     0.0000     1.0000    -0.0000    -0.6332     0.0000     0.7740     0.7740     0.0000     0.6332     0.0000   489.1584
   14.3255   127.9663   149.9765     0.0000     1.0000    -0.0000     0.6332    -0.0000    -0.7740    -0.7740    -0.0000    -0.6332     0.0000   489.1614
   14.3255   128.4659   149.9765     0.0000     1.0000    -0.0000    -0.6332     0.0000     0.7740     0.7740     0.0000     0.6332     0.0000   489.1643
   14.3255   128.9654   149.9764     0.0000     1.0000    -0.0000     0.6333    -0.0000    -0.7739    -0.7739    -0.0000    -0.6333     0.0000   489.1673
   14.3255   129.4650   149.9764     0.0000     1.0000    -0.0000    -0.6349     0.0000     0.7726     0.7726     0.0000     0.6349     0.0000   489.1703
   14.3256   129.9646   149.9764     0.0000     1.0000    -0.0000     0.6531    -0.0000    -0.7573    -0.7573    -0.0000    -0.6531     0.0000   489.1733
