Legend
======
Order:       curve order
Px,Py,Pz:    coordinates of point P on the centerline
Tx,Ty,Tz:    coordinates of the direction of the Tangent vector to point P
Nx,Ny,Nz:    coordinates of the direction of the Normal vector to point P
BNx,BNy,BNz: coordinates of the direction of the Binormal vector to point P
Dfit:        diameter of the best fit circle in point P
Dmin:        diameter of the inscribing circle in point P
Dmax:        diameter of the subscribing circle in point P
C:           curvature in point P
Dh:          hydraulic diameter in point P
Xh:          hydraulic ratio in point P
Scf:         distance of circumference in point P
Area:        sectional area in point P
E:           ellipticity in point P


Order: Cubic

[Main Branch Set] Branch Segment 1:

Point (-15.1134, -8.3960, 62.5150) connects from:
    Branch Segment 2
    Branch Segment 5

        Px         Py         Pz         Tx         Ty         Tz         Nx         Ny         Nz        BNx        BNy        BNz          C       Area
  -15.1134    -8.3960    62.5150    -0.4904    -0.8689    -0.0668     0.0433     0.0523    -0.9977     0.8704    -0.4921     0.0120        n/a   496.3046
  -16.6497   -11.1030    62.1279    -0.4904    -0.8530    -0.1784    -0.0484     0.2310    -0.9717     0.8701    -0.4679    -0.1546     0.0351   330.2381
  -18.2467   -13.8018    61.3800    -0.5017    -0.8172    -0.2838    -0.1528     0.4066    -0.9007     0.8514    -0.4085    -0.3289     0.0347   312.2976
  -19.9440   -16.4261    60.2704    -0.5222    -0.7616    -0.3838    -0.1964     0.5453    -0.8149     0.8299    -0.3502    -0.4343     0.0356   310.1302
  -21.7555   -18.8887    58.8034    -0.5453    -0.6871    -0.4802    -0.1733     0.6529    -0.7373     0.8201    -0.3188    -0.4751     0.0377   322.0694
  -23.6609   -21.0930    56.9918    -0.5630    -0.5940    -0.5747    -0.0906     0.7355    -0.6714     0.8215    -0.3259    -0.4679     0.0404   349.4988
  -25.6042   -22.9466    54.8603    -0.5666    -0.4834    -0.6673     0.0386     0.7934    -0.6075     0.8231    -0.3699    -0.4309     0.0439   365.7152
  -27.5001   -24.3763    52.4468    -0.5477    -0.3577    -0.7564     0.2012     0.8211    -0.5341     0.8121    -0.4447    -0.3777     0.0480   373.0187
  -29.2443   -25.3400    49.8014    -0.4986    -0.2218    -0.8380     0.3831     0.8108    -0.4425     0.7776    -0.5417    -0.3193     0.0526   385.9925
  -30.7282   -25.8331    46.9819    -0.4142    -0.0835    -0.9064     0.5673     0.7550    -0.3288     0.7118    -0.6504    -0.2653     0.0570   410.7156
  -31.8523   -25.8895    44.0476    -0.2941     0.0456    -0.9547     0.7343     0.6502    -0.1951     0.6118    -0.7584    -0.2247     0.0600   442.5530
  -32.5379   -25.5759    41.0528    -0.1451     0.1526    -0.9776     0.8651     0.4990    -0.0505     0.4801    -0.8531    -0.2044     0.0604   455.2574
  -32.7336   -24.9824    38.0411     0.0190     0.2265    -0.9738     0.9458     0.3116     0.0909     0.3241    -0.9228    -0.2083     0.0574   457.7264
  -32.4180   -24.2110    35.0449     0.1815     0.2625    -0.9477     0.9710     0.1044     0.2149     0.1554    -0.9593    -0.2360     0.0516   453.0780
  -31.5979   -23.3644    32.0877     0.3291     0.2635    -0.9068     0.9442    -0.1028     0.3128    -0.0108    -0.9592    -0.2826     0.0451   409.3819
  -30.3038   -22.5371    29.1910     0.4553     0.2371    -0.8582     0.8766    -0.2884     0.3854    -0.1561    -0.9277    -0.3391     0.0394   423.1534
  -28.5835   -21.8094    26.3824     0.5603     0.1919    -0.8057     0.7853    -0.4325     0.4431    -0.2634    -0.8810    -0.3930     0.0355   407.3927
  -26.4963   -21.2437    23.7009     0.6481     0.1351    -0.7495     0.6887    -0.5242     0.5010    -0.3252    -0.8408    -0.4327     0.0336   399.8077
  -24.1074   -20.8829    21.1990     0.7231     0.0716    -0.6871     0.5972    -0.5646     0.5697    -0.3471    -0.8223    -0.4510     0.0334   411.1869
  -21.4841   -20.7492    18.9371     0.7882     0.0053    -0.6154     0.5110    -0.5628     0.6497    -0.3429    -0.8266    -0.4463     0.0343   389.5065
  -18.6926   -20.8424    16.9706     0.8438    -0.0594    -0.5334     0.4268    -0.5285     0.7339    -0.3255    -0.8469    -0.4206     0.0350   391.7825
  -15.7958   -21.1383    15.3339     0.8879    -0.1160    -0.4452     0.3476    -0.4648     0.8143    -0.3014    -0.8778    -0.3723     0.0332   399.9598
  -12.8520   -21.5873    14.0228     0.9189    -0.1566    -0.3620     0.2901    -0.3535     0.8893    -0.2673    -0.9222    -0.2794     0.0269   424.3309
   -9.9134   -22.1152    12.9827     0.9380    -0.1726    -0.3007     0.2984    -0.0398     0.9536    -0.1766    -0.9842     0.0141     0.0153   453.3326
   -7.0256   -22.6280    12.1063     0.9472    -0.1564    -0.2799     0.1335     0.9861    -0.0993     0.2915     0.0567     0.9549     0.0113   512.9141
   -4.2271   -23.0208    11.2440     0.9440    -0.1023    -0.3138    -0.1311     0.7562    -0.6410     0.3029     0.6463     0.7004     0.0337   527.0546
   -1.5502   -23.1913    10.2273     0.9149    -0.0101    -0.4035    -0.2959     0.6633    -0.6874     0.2746     0.7483     0.6039     0.0585   631.9948
    0.9777   -23.0568     8.9012     0.8443     0.1056    -0.5254    -0.4739     0.6048    -0.6400     0.2501     0.7894     0.5607     0.0696   767.8756
    3.3317   -22.5704     7.1600     0.7368     0.2169    -0.6404    -0.6367     0.5415    -0.5490     0.2277     0.8122     0.5371     0.0606   654.7422
    5.4874   -21.7346     4.9777     0.6208     0.3018    -0.7236    -0.7562     0.4742    -0.4509     0.2071     0.8270     0.5226     0.0438   546.4027
    7.4184   -20.6074     2.4259     0.5216     0.3575    -0.7747    -0.8322     0.4134    -0.3695     0.1881     0.8375     0.5131     0.0298   447.3005
    9.0961   -19.2990    -0.3263     0.4466     0.3917    -0.8044    -0.8781     0.3642    -0.3102     0.1715     0.8450     0.5066     0.0207   346.0765
   10.4899   -17.9594    -3.0332     0.3939     0.4122    -0.8216    -0.9056     0.3271    -0.2701     0.1574     0.8504     0.5021     0.0150   234.6007
   11.5691   -16.7561    -5.4098     0.3582     0.4245    -0.8316    -0.9220     0.3010    -0.2435     0.1469     0.8540     0.4992     0.0121   146.6294
   12.4932   -15.6045    -7.6523     0.3312     0.4328    -0.8384    -0.9344     0.2740    -0.2277     0.1312     0.8588     0.4952        n/a    85.2735

[Main Branch Set] Branch Segment 2:

Point (-7.9608, 3.2074, 59.9908) connects from:
    Branch Segment 3
    Branch Segment 6
Point (-15.1134, -8.3960, 62.5150) connects to:
    Branch Segment 1
    Branch Segment 5

        Px         Py         Pz         Tx         Ty         Tz         Nx         Ny         Nz        BNx        BNy        BNz          C       Area
   -7.9608     3.2074    59.9908    -0.5083    -0.7616     0.4020    -0.1884    -0.3571    -0.9149     0.8403    -0.5407     0.0380        n/a   196.3453
  -10.4112    -0.5210    61.5705    -0.5216    -0.8120     0.2617     0.0046    -0.3094    -0.9509     0.8532    -0.4948     0.1651     0.0334   183.9970
  -12.0272    -3.0970    62.2265    -0.5145    -0.8427     0.1583     0.1233    -0.2554    -0.9589     0.8486    -0.4739     0.2353     0.0362   205.1252
  -13.5874    -5.7218    62.5454    -0.5015    -0.8638     0.0482     0.1087    -0.1182    -0.9870     0.8583    -0.4897     0.1532     0.0374   317.1151
  -15.1134    -8.3960    62.5150    -0.4892    -0.8694    -0.0691     0.1003     0.0226    -0.9947     0.8664    -0.4936     0.0761        n/a   496.3046

[Main Branch Set] Branch Segment 3:

Point (-2.0486, 15.8056, 49.5959) connects from:
    Branch Segment 4
    Branch Segment 7
Point (-7.9608, 3.2074, 59.9908) connects to:
    Branch Segment 2
    Branch Segment 6

        Px         Py         Pz         Tx         Ty         Tz         Nx         Ny         Nz        BNx        BNy        BNz          C       Area
   -2.0486    15.8056    49.5959    -0.0180    -0.6115     0.7911    -0.8390    -0.4210    -0.3446     0.5438    -0.6699    -0.5055        n/a   523.2829
   -2.0578    15.5917    49.8696    -0.0348    -0.6197     0.7841    -0.8441    -0.4018    -0.3550     0.5350    -0.6742    -0.5091     0.0578   239.9695
   -2.3643    13.6868    52.0769    -0.1721    -0.6740     0.7184    -0.8503    -0.2667    -0.4538     0.4974    -0.6890    -0.5272     0.0527   267.0507
   -3.0791    11.5849    54.1494    -0.2931    -0.7054     0.6453    -0.8161    -0.1670    -0.5533     0.4981    -0.6888    -0.5267     0.0428   139.6117
   -4.1625     9.3259    56.0701    -0.3876    -0.7236     0.5712    -0.7296    -0.1379    -0.6698     0.5634    -0.6763    -0.4745     0.0343   138.5748
   -5.5359     6.9541    57.8097    -0.4530    -0.7365     0.5023    -0.6214    -0.1431    -0.7703     0.6392    -0.6611    -0.3929     0.0249   152.8662
   -7.0993     4.5080    59.3313    -0.4988    -0.7589     0.4186    -0.3418    -0.2716    -0.8997     0.7965    -0.5919    -0.1239     0.0358   167.8574
   -7.9608     3.2074    59.9908    -0.5176    -0.7772     0.3579    -0.2305    -0.2762    -0.9330     0.8240    -0.5654    -0.0362        n/a   196.3453

[Main Branch Set] Branch Segment 4:

Point (-2.0486, 15.8056, 49.5959) connects to:
    Branch Segment 3
    Branch Segment 7

        Px         Py         Pz         Tx         Ty         Tz         Nx         Ny         Nz        BNx        BNy        BNz          C       Area
  -11.5982     1.8419  -126.5974    -0.0559     0.2342     0.9706     0.7377     0.6648    -0.1179    -0.6728     0.7094    -0.2099        n/a    11.7298
  -11.7240     2.4551  -124.1221    -0.0424     0.2462     0.9683     0.7445     0.6540    -0.1337    -0.6662     0.7153    -0.2110     0.0074    21.8016
  -11.8196     3.1573  -121.4398    -0.0263     0.2602     0.9652     0.7507     0.6427    -0.1528    -0.6601     0.7206    -0.2122     0.0081    38.5163
  -11.8714     4.0391  -118.2835    -0.0048     0.2782     0.9605     0.7595     0.6258    -0.1774    -0.6504     0.7287    -0.2143     0.0092    44.3509
  -11.8428     5.0572  -114.9071     0.0216     0.2993     0.9539     0.7720     0.6013    -0.2062    -0.6353     0.7408    -0.2181     0.0103    47.8418
  -11.7143     6.1622  -111.5244     0.0509     0.3212     0.9456     0.7918     0.5640    -0.2342    -0.6086     0.7607    -0.2256     0.0108    57.2872
  -11.4893     7.3034  -108.2774     0.0791     0.3397     0.9372     0.8323     0.4950    -0.2497    -0.5487     0.7998    -0.2436     0.0094    62.0006
  -11.1942     8.4330  -105.2224     0.0996     0.3492     0.9318     0.9550     0.2293    -0.1880    -0.2793     0.9086    -0.3106     0.0049    61.7173
  -10.8728     9.5112  -102.3359     0.1049     0.3439     0.9331    -0.2527    -0.8983     0.3595     0.9618    -0.2735    -0.0073     0.0050    71.5301
  -10.5754    10.5094   -99.5377     0.0909     0.3217     0.9425    -0.5834    -0.7498     0.3122     0.8071    -0.5782     0.1196     0.0139    75.6857
  -10.3477    11.4127   -96.7235     0.0607     0.2860     0.9563    -0.6449    -0.7200     0.2563     0.7618    -0.6323     0.1408     0.0190    86.1311
  -10.2197    12.2190   -93.7985     0.0237     0.2452     0.9692    -0.6613    -0.7232     0.1992     0.7497    -0.6457     0.1450     0.0182    89.7211
  -10.1998    12.9363   -90.7038    -0.0095     0.2079     0.9781    -0.6442    -0.7494     0.1530     0.7648    -0.6287     0.1410     0.0138    99.7302
  -10.2737    13.5783   -87.4296    -0.0326     0.1786     0.9834    -0.5612    -0.8174     0.1299     0.8271    -0.5476     0.1268     0.0088    99.4478
  -10.4090    14.1593   -84.0132    -0.0434     0.1578     0.9865    -0.2604    -0.9551     0.1414     0.9645    -0.2508     0.0825     0.0050    97.6042
  -10.5638    14.6900   -80.5243    -0.0425     0.1435     0.9887     0.4630    -0.8741     0.1467     0.8853     0.4640    -0.0293     0.0039    96.9030
  -10.6971    15.1749   -77.0423    -0.0318     0.1324     0.9907     0.8259    -0.5547     0.1006     0.5629     0.8214    -0.0918     0.0052    98.4962
  -10.7771    15.6123   -73.6336    -0.0137     0.1218     0.9925     0.8804    -0.4691     0.0697     0.4740     0.8747    -0.1008     0.0070    97.8970
  -10.7873    15.9971   -70.3340     0.0080     0.1094     0.9940     0.8526    -0.5202     0.0504     0.5226     0.8470    -0.0974     0.0081   102.8499
  -10.7273    16.3251   -67.1414     0.0290     0.0945     0.9951     0.7727    -0.6337     0.0377     0.6341     0.7678    -0.0914     0.0079   110.7268
  -10.6099    16.5970   -64.0206     0.0449     0.0790     0.9959     0.6368    -0.7703     0.0324     0.7697     0.6327    -0.0849     0.0063   107.5318
  -10.4545    16.8221   -60.9166     0.0536     0.0663     0.9964     0.4301    -0.9020     0.0369     0.9012     0.4265    -0.0769     0.0036   107.8952
  -10.2806    17.0196   -57.7733     0.0558     0.0603     0.9966    -0.2409    -0.9679     0.0720     0.9689    -0.2441    -0.0395     0.0006   108.9298
  -10.1019    17.2164   -54.5503     0.0545     0.0630     0.9965    -0.2683     0.9622    -0.0461    -0.9618    -0.2648     0.0693     0.0023   110.0291
   -9.9232    17.4429   -51.2353     0.0532     0.0745     0.9958    -0.0324     0.9968    -0.0729    -0.9981    -0.0284     0.0554     0.0047   114.7389
   -9.7411    17.7273   -47.8456     0.0543     0.0934     0.9941     0.1228     0.9874    -0.0995    -0.9909     0.1275     0.0421     0.0065   123.4621
   -9.5473    18.0895   -44.4223     0.0587     0.1173     0.9914     0.2324     0.9642    -0.1278    -0.9709     0.2379     0.0294     0.0077   125.3411
   -9.3332    18.5374   -41.0166     0.0661     0.1431     0.9875     0.3053     0.9393    -0.1566    -0.9500     0.3118     0.0184     0.0081   124.7962
   -9.0946    19.0655   -37.6737     0.0747     0.1678     0.9830     0.3442     0.9208    -0.1833    -0.9359     0.3520     0.0110     0.0075   133.1470
   -8.8339    19.6571   -34.4200     0.0821     0.1879     0.9787     0.3376     0.9187    -0.2047    -0.9377     0.3473     0.0120     0.0057   144.7078
   -8.5602    20.2889   -31.2554     0.0862     0.2009     0.9758     0.1895     0.9583    -0.2141    -0.9781     0.2034     0.0445     0.0029   147.1621
   -8.2862    20.9377   -28.1544     0.0853     0.2057     0.9749    -0.9814     0.1861     0.0466    -0.1719    -0.9608     0.2178     0.0011   148.9304
   -8.0243    21.5853   -25.0744     0.0799     0.2034     0.9758    -0.7945    -0.5783     0.1856     0.6020    -0.7901     0.1154     0.0029   147.2058
   -7.7822    22.2224   -21.9690     0.0722     0.1971     0.9777    -0.7270    -0.6607     0.1869     0.6828    -0.7244     0.0955     0.0035   149.6962
   -7.5606    22.8488   -18.8013     0.0650     0.1902     0.9796    -0.6939    -0.6969     0.1814     0.7172    -0.6915     0.0867     0.0027   153.6979
   -7.3538    23.4696   -15.5547     0.0604     0.1852     0.9808    -0.5916    -0.7848     0.1846     0.8040    -0.5914     0.0621     0.0014   159.9389
   -7.1525    24.0902   -12.2365     0.0591     0.1821     0.9815     0.1007    -0.9793     0.1757     0.9932     0.0885    -0.0763     0.0007   166.1740
   -6.9489    24.7094    -8.8745     0.0600     0.1792     0.9820     0.3687    -0.9182     0.1451     0.9276     0.3533    -0.1211     0.0011   177.0424
   -6.7420    25.3143    -5.5080     0.0605     0.1729     0.9831    -0.0312    -0.9841     0.1750     0.9977    -0.0413    -0.0542     0.0027   178.1754
   -6.5403    25.8785    -2.1752     0.0577     0.1586     0.9857    -0.2616    -0.9504     0.1683     0.9634    -0.2676    -0.0134     0.0061   179.8719
   -6.3620    26.3643     1.0985     0.0485     0.1320     0.9901    -0.3575    -0.9233     0.1406     0.9327    -0.3608     0.0024     0.0111   182.0788
   -6.2306    26.7285     4.3077     0.0314     0.0905     0.9954    -0.3922    -0.9149     0.0955     0.9194    -0.3934     0.0068     0.0169   188.0397
   -6.1670    26.9311     7.4681     0.0080     0.0352     0.9993    -0.3862    -0.9217     0.0356     0.9224    -0.3862     0.0062     0.0211   192.1169
   -6.1806    26.9439    10.6109    -0.0162    -0.0276     0.9995    -0.3326    -0.9425    -0.0314     0.9429    -0.3329     0.0061     0.0218   196.4574
   -6.2623    26.7574    13.7727    -0.0334    -0.0888     0.9955    -0.1933    -0.9767    -0.0936     0.9806    -0.1956     0.0154     0.0186   188.6276
   -6.3798    26.3828    16.9837    -0.0364    -0.1404     0.9894     0.1236    -0.9831    -0.1349     0.9917     0.1174     0.0531     0.0140   183.9855
   -6.4806    25.8495    20.2570    -0.0212    -0.1786     0.9837     0.6184    -0.7754    -0.1274     0.7855     0.6056     0.1269     0.0120   184.6601
   -6.5003    25.1974    23.5837     0.0125    -0.2041     0.9789     0.9027    -0.4188    -0.0989     0.4301     0.8848     0.1790     0.0139   176.3824
   -6.3761    24.4667    26.9330     0.0621    -0.2207     0.9734     0.9672    -0.2273    -0.1133     0.2463     0.9485     0.1994     0.0170   144.7864
   -6.0627    23.6869    30.2587     0.1217    -0.2338     0.9647     0.9657    -0.1968    -0.1695     0.2294     0.9522     0.2018     0.0190   122.6308
   -5.5466    22.8689    33.5090     0.1821    -0.2497     0.9511     0.9187    -0.3016    -0.2551     0.3505     0.9202     0.1745     0.0188   121.2369
   -4.8553    22.0012    36.6373     0.2318    -0.2754     0.9330     0.7366    -0.5767    -0.3532     0.6354     0.7691     0.0692     0.0171   127.7885
   -4.0587    21.0519    39.6109     0.2580    -0.3172     0.9126     0.2045    -0.9053    -0.3724     0.9443     0.2827    -0.1687     0.0177   124.9172
   -3.2607    19.9769    42.4148     0.2487    -0.3785     0.8916    -0.3711    -0.8875    -0.2732     0.8947    -0.2629    -0.3611     0.0262   121.3570
   -2.5843    18.7298    45.0505     0.1948    -0.4573     0.8677    -0.6537    -0.7201    -0.2328     0.7312    -0.5219    -0.4392     0.0403   131.4659
   -2.1505    17.2742    47.5305     0.0957    -0.5433     0.8341    -0.7856    -0.5558    -0.2718     0.6112    -0.6293    -0.4800     0.0532   173.5949
   -2.0486    15.8056    49.5959    -0.0180    -0.6115     0.7911    -0.8390    -0.4210    -0.3446     0.5438    -0.6699    -0.5055        n/a   523.2829

[Branch Set 1] Branch Segment 5:

Point (-15.1134, -8.3960, 62.5150) connects from:
    Branch Segment 1
    Branch Segment 2

        Px         Py         Pz         Tx         Ty         Tz         Nx         Ny         Nz        BNx        BNy        BNz          C       Area
  -15.1134    -8.3960    62.5150    -0.5928     0.3142     0.7415     0.5971    -0.4464     0.6665     0.5404     0.8379     0.0770        n/a   496.3046
  -16.2033    -7.8447    64.2235    -0.4500     0.2185     0.8659     0.7526    -0.4291     0.4994     0.4807     0.8764     0.0286     0.0739   703.2405
  -16.9956    -7.4594    65.9634    -0.3731     0.1865     0.9089     0.9222    -0.0326     0.3853     0.1015     0.9819    -0.1598     0.0243   522.0441
  -17.8823    -6.9805    68.1802    -0.3737     0.2170     0.9018    -0.6173     0.6675    -0.4164    -0.6923    -0.7123    -0.1155     0.0372   263.8326
  -18.9447    -6.3219    70.4973    -0.4310     0.2827     0.8569    -0.5408     0.6792    -0.4961    -0.7223    -0.6773    -0.1398     0.0362   133.1453
  -20.1269    -5.5139    72.6167    -0.4986     0.3501     0.7930    -0.6093     0.5091    -0.6079    -0.6166    -0.7863    -0.0405     0.0537   102.4647
  -21.3971    -4.6277    74.3795    -0.5869     0.3997     0.7041    -0.6819     0.2249    -0.6960    -0.4366    -0.8886     0.1405     0.0616    92.7309
  -22.7483    -3.7698    75.7929    -0.6786     0.3904     0.6222    -0.7343    -0.3836    -0.5601     0.0200    -0.8369     0.5469     0.0592    78.3493
  -24.1887    -3.0614    77.0005    -0.7489     0.2994     0.5912    -0.3543    -0.9348     0.0246     0.5600    -0.1910     0.8061     0.0729    70.1999
  -25.7226    -2.6078    78.2080    -0.7696     0.1476     0.6212     0.0689    -0.9480     0.3107     0.6348     0.2820     0.7194     0.0881    57.8585
  -27.3302    -2.4686    79.5905    -0.7350    -0.0094     0.6780     0.3438    -0.8670     0.3607     0.5844     0.4982     0.6405     0.0731    64.0431
  -28.9534    -2.6366    81.2130    -0.6743    -0.1270     0.7274     0.5233    -0.7773     0.3494     0.5210     0.6162     0.5906     0.0498    60.9471
  -30.4931    -3.0345    82.9922    -0.6176    -0.2001     0.7606     0.6356    -0.6966     0.3329     0.4632     0.6890     0.5574     0.0330    60.0342
  -31.8207    -3.5316    84.7121    -0.5749    -0.2432     0.7813     0.7008    -0.6392     0.3167     0.4224     0.7296     0.5379     0.0246    45.1102
  -33.0628    -4.1068    86.4707    -0.5414    -0.2704     0.7961     0.7724    -0.5339     0.3439     0.3320     0.8011     0.4979        n/a    23.1800

[Branch Set 2] Branch Segment 6:

Point (-7.9608, 3.2074, 59.9908) connects to:
    Branch Segment 2
    Branch Segment 3

        Px         Py         Pz         Tx         Ty         Tz         Nx         Ny         Nz        BNx        BNy        BNz          C       Area
   -1.9437     0.4775    88.6900    -0.2062     0.3453    -0.9156    -0.0204     0.9339     0.3569     0.9783     0.0923    -0.1855        n/a     3.8557
   -2.3610     1.1789    86.8375    -0.2061     0.3473    -0.9148     0.1756     0.9329     0.3146     0.9626    -0.0958    -0.2533     0.0004    13.5901
   -2.7879     1.8984    84.9420    -0.2059     0.3468    -0.9151     0.2019    -0.8999    -0.3865    -0.9575    -0.2643     0.1152     0.0009    19.0813
   -3.2542     2.6804    82.8642    -0.2051     0.3413    -0.9173     0.1042    -0.9243    -0.3672    -0.9732    -0.1709     0.1541     0.0045    22.8889
   -3.7067     3.4192    80.8271    -0.2034     0.3230    -0.9243     0.0874    -0.9343    -0.3457    -0.9752    -0.1511     0.1617     0.0137    22.3961
   -4.1098     4.0268    78.9656    -0.1993     0.2784    -0.9396     0.0882    -0.9498    -0.3002    -0.9760    -0.1427     0.1647     0.0343    21.1713
   -4.4525     4.4473    77.3004    -0.1908     0.1917    -0.9627     0.1003    -0.9718    -0.2134    -0.9765    -0.1373     0.1662     0.0681    22.7994
   -4.7468     4.6620    75.7499    -0.1777     0.0733    -0.9814     0.1179    -0.9884    -0.0952    -0.9770    -0.1326     0.1670     0.0835    26.4550
   -5.0198     4.6867    74.1732    -0.1642    -0.0342    -0.9858     0.1297    -0.9915     0.0128    -0.9779    -0.1257     0.1672     0.0521    26.0223
   -5.3015     4.5631    72.4331    -0.1559    -0.0958    -0.9831     0.1345    -0.9881     0.0749    -0.9786    -0.1205     0.1669     0.0182    23.7189
   -5.6121     4.3459    70.4578    -0.1540    -0.1152    -0.9813    -0.2007    -0.9688     0.1452    -0.9675     0.2193     0.1260     0.0023    26.2917
   -5.9531     4.0904    68.2838    -0.1531    -0.1134    -0.9817     0.3573     0.9198    -0.1620     0.9214    -0.3755    -0.1003     0.0038   241.6983
   -6.3040     3.8432    66.0641    -0.1610    -0.1052    -0.9813    -0.8736     0.4778     0.0922     0.4592     0.8722    -0.1688     0.0081   361.0226
   -6.6272     3.6375    64.0410    -0.1424    -0.0936    -0.9854     0.8974     0.4078    -0.1684     0.4176    -0.9083     0.0259     0.0149   489.4490
   -6.8772     3.4928    62.4890    -0.2009    -0.0923    -0.9752    -0.9774    -0.0472     0.2059    -0.0650     0.9946    -0.0808     0.0900   543.7873
   -7.9608     3.2074    59.9908    -0.6237    -0.1155    -0.7731    -0.7755    -0.0322     0.6305    -0.0977     0.9928    -0.0695        n/a   196.3453

[Branch Set 3] Branch Segment 7:

Point (-2.0486, 15.8056, 49.5959) connects from:
    Branch Segment 3
    Branch Segment 4

        Px         Py         Pz         Tx         Ty         Tz         Nx         Ny         Nz        BNx        BNy        BNz          C       Area
   -2.0486    15.8056    49.5959     0.2819     0.6287     0.7248    -0.9541     0.1038     0.2811     0.1015    -0.7707     0.6291        n/a   523.2829
   -1.1242    18.1473    52.2866     0.2209     0.6454     0.7312    -0.9028     0.4190    -0.0972    -0.3691    -0.6387     0.6752     0.0171   291.7874
   -0.4079    20.5880    54.9571     0.1696     0.6808     0.7126    -0.6474     0.6221    -0.4403    -0.7430    -0.3867     0.5463     0.0187    77.1537
    0.1880    22.8840    57.7692     0.1652     0.4713     0.8664     0.0395    -0.8809     0.4717     0.9855    -0.0437    -0.1642     0.1574    82.0935
    0.8467    23.7583    61.2244     0.2007     0.0263     0.9793     0.1411    -0.9900    -0.0024     0.9694     0.1387    -0.2024     0.1102    81.7146
    1.6836    23.2978    64.7818     0.2511    -0.2212     0.9424     0.4779    -0.8183    -0.3194     0.8418     0.5305    -0.0997     0.0282    62.3362
    2.6070    22.5643    68.2763     0.2218    -0.1081     0.9691    -0.3362     0.9244     0.1801    -0.9153    -0.3657     0.1686     0.0960    44.1670
    3.0820    23.0091    71.8921     0.0100     0.3772     0.9261    -0.4241     0.8403    -0.3377    -0.9056    -0.3893     0.1684        n/a    12.6062

