Legend
======
Order:       curve order
Px,Py,Pz:    coordinates of point P on the centerline
Tx,Ty,Tz:    coordinates of the direction of the Tangent vector to point P
Nx,Ny,Nz:    coordinates of the direction of the Normal vector to point P
BNx,BNy,BNz: coordinates of the direction of the Binormal vector to point P
Dfit:        diameter of the best fit circle in point P
Dmin:        diameter of the inscribing circle in point P
Dmax:        diameter of the subscribing circle in point P
C:           curvature in point P
Dh:          hydraulic diameter in point P
Xh:          hydraulic ratio in point P
Scf:         distance of circumference in point P
Area:        sectional area in point P
E:           ellipticity in point P


Order: Cubic

[Main Branch Set] Branch Segment 1:

Point (12.0281, 6.0306, 74.6803) connects from:
    Branch Segment 2

        Px         Py         Pz         Tx         Ty         Tz         Nx         Ny         Nz        BNx        BNy        BNz          C       Area
   12.0281     6.0306    74.6803    -0.4605    -0.7435    -0.4850    -0.0117     0.5514    -0.8342     0.8876    -0.3784    -0.2626        n/a   331.6641
   11.0148     4.4838    73.4946    -0.4613    -0.6641    -0.5884    -0.0076     0.6661    -0.7458     0.8872    -0.3396    -0.3124     0.0532   336.7493
    9.2347     2.1788    71.0017    -0.4688    -0.5427    -0.6969    -0.1297     0.8227    -0.5534     0.8737    -0.1691    -0.4560     0.0327   360.7545
    7.3751     0.2814    68.1570    -0.4863    -0.4281    -0.7617    -0.1291     0.8974    -0.4220     0.8642    -0.1069    -0.4916     0.0357   370.7408
    5.4522    -1.1389    65.0900    -0.5008    -0.3009    -0.8116    -0.0814     0.9498    -0.3020     0.8617    -0.0852    -0.5002     0.0351   396.1713
    3.5321    -2.0386    61.9148    -0.5004    -0.1682    -0.8493     0.0860     0.9664    -0.2420     0.8615    -0.1942    -0.4691     0.0374   427.0237
    1.7320    -2.4084    58.7170    -0.4680    -0.0308    -0.8832     0.3479     0.9123    -0.2162     0.8124    -0.4084    -0.4162     0.0420   465.5390
    0.2111    -2.2780    55.5468    -0.3848     0.1053    -0.9170     0.6367     0.7495    -0.1811     0.6682    -0.6535    -0.3555     0.0518   505.8780
   -0.8496    -1.7141    52.4204    -0.2338     0.2284    -0.9451     0.8555     0.5101    -0.0884     0.4619    -0.8292    -0.3147     0.0670   529.7251
   -1.2748    -0.8134    49.3290    -0.0172     0.3173    -0.9482     0.9647     0.2544     0.0676     0.2627    -0.9136    -0.3105     0.0788   517.8468
   -0.9265     0.3088    46.2518     0.2255     0.3521    -0.9084     0.9688     0.0175     0.2472     0.1030    -0.9358    -0.3371     0.0735   496.1391
    0.2675     1.5331    43.1729     0.4381     0.3351    -0.8341     0.8987    -0.1822     0.3988    -0.0183    -0.9244    -0.3810     0.0552   483.3480
    2.2905     2.7492    40.0956     0.5909     0.2897    -0.7529     0.7992    -0.3379     0.4972    -0.1104    -0.8955    -0.4312     0.0373   468.0232
    5.0271     3.8681    37.0536     0.6897     0.2384    -0.6837     0.7010    -0.4562     0.5481    -0.1813    -0.8573    -0.4818     0.0248   420.9176
    8.2663     4.8286    34.1152     0.7515     0.1920    -0.6312     0.6164    -0.5455     0.5679    -0.2353    -0.8158    -0.5283     0.0171   428.5766
   11.7197     5.5999    31.3807     0.7900     0.1541    -0.5935     0.5480    -0.6116     0.5707    -0.2750    -0.7760    -0.5676     0.0125   403.0055
   15.0533     6.1779    28.9725     0.8139     0.1251    -0.5674     0.4951    -0.6604     0.5646    -0.3040    -0.7405    -0.5994     0.0096   398.6801
   17.9264     6.5779    27.0199     0.8288     0.1040    -0.5499     0.4567    -0.6936     0.5571    -0.3234    -0.7128    -0.6223     0.0082   424.2386
   20.5925     6.8822    25.2847     0.8394     0.0868    -0.5366     0.4191    -0.7319     0.5372    -0.3461    -0.6758    -0.6507        n/a   447.0136

[Main Branch Set] Branch Segment 2:

Point (16.0357, 12.7636, 77.7125) connects from:
    Branch Segment 3
    Branch Segment 7
Point (12.0281, 6.0306, 74.6803) connects to:
    Branch Segment 1

        Px         Py         Pz         Tx         Ty         Tz         Nx         Ny         Nz        BNx        BNy        BNz          C       Area
   16.0357    12.7636    77.7125    -0.4881    -0.8598    -0.1499     0.0681     0.1337    -0.9887     0.8701    -0.4927    -0.0067        n/a  1507.5802
   14.4466     9.9857    76.9496    -0.4768    -0.8214    -0.3129     0.0670     0.3210    -0.9447     0.8765    -0.4714    -0.0980     0.0520   374.9809
   12.0281     6.0306    74.6803    -0.4561    -0.6911    -0.5607     0.0849     0.5934    -0.8005     0.8859    -0.4127    -0.2119        n/a   331.6641

[Main Branch Set] Branch Segment 3:

Point (22.3299, 23.8991, 76.3667) connects from:
    Branch Segment 4
    Branch Segment 6
Point (16.0357, 12.7636, 77.7125) connects to:
    Branch Segment 2
    Branch Segment 7

        Px         Py         Pz         Tx         Ty         Tz         Nx         Ny         Nz        BNx        BNy        BNz          C       Area
   22.3299    23.8991    76.3667    -0.4597    -0.8458     0.2708    -0.4776    -0.0216    -0.8783     0.7487    -0.5331    -0.3940        n/a   222.2169
   19.8222    19.4104    77.5524    -0.4879    -0.8574     0.1638    -0.1292    -0.1146    -0.9850     0.8633    -0.5017    -0.0548     0.0292   208.2615
   17.9783    16.1804    77.9335    -0.4952    -0.8682     0.0319     0.0062    -0.0402    -0.9992     0.8687    -0.4946     0.0253     0.0417   368.2943
   16.1849    13.0264    77.7559    -0.4891    -0.8618    -0.1346     0.0683     0.1160    -0.9909     0.8695    -0.4939     0.0021     0.0504   645.1218
   16.0357    12.7636    77.7125    -0.4881    -0.8598    -0.1499     0.0681     0.1337    -0.9887     0.8701    -0.4927    -0.0067        n/a  1507.5802

[Main Branch Set] Branch Segment 4:

Point (28.1426, 37.6499, 73.4201) connects from:
    Branch Segment 5
    Branch Segment 8
Point (22.3299, 23.8991, 76.3667) connects to:
    Branch Segment 3
    Branch Segment 6

        Px         Py         Pz         Tx         Ty         Tz         Nx         Ny         Nz        BNx        BNy        BNz          C       Area
   28.1426    37.6499    73.4201    -0.2186    -0.9670    -0.1308    -0.3899    -0.0363     0.9202    -0.8946     0.2521    -0.3691        n/a   188.7063
   27.6617    35.8256    73.3352    -0.2864    -0.9575     0.0334    -0.3737     0.1437     0.9164    -0.8822     0.2500    -0.3990     0.0805   135.2062
   26.5434    32.6355    73.7782    -0.3599    -0.9119     0.1973    -0.4964     0.3662     0.7871    -0.7900     0.1853    -0.5845     0.0296   114.9580
   25.1248    29.3402    74.6365    -0.4068    -0.8751     0.2620    -0.5754     0.4683     0.6706    -0.7095     0.1220    -0.6940     0.0191   123.7724
   23.4737    26.0116    75.7015    -0.4468    -0.8505     0.2776    -0.8541     0.3132    -0.4152     0.2662    -0.4226    -0.8664     0.0116   138.4832
   22.3299    23.8991    76.3667    -0.4706    -0.8458     0.2514    -0.4917     0.0148    -0.8706     0.7326    -0.5333    -0.4229        n/a   222.2169

[Branch Set 1] Branch Segment 5:

Point (28.1426, 37.6499, 73.4201) connects to:
    Branch Segment 4
    Branch Segment 8

        Px         Py         Pz         Tx         Ty         Tz         Nx         Ny         Nz        BNx        BNy        BNz          C       Area
   17.1578    18.2551  -107.3354     0.1497     0.2114     0.9659    -0.6055     0.7919    -0.0794    -0.7816    -0.5729     0.2465        n/a    18.5821
   17.3939    18.5993  -105.7867     0.1446     0.2178     0.9652    -0.6357     0.7679    -0.0780    -0.7582    -0.6023     0.2495     0.0051    21.1410
   17.6471    18.9949  -104.0617     0.1386     0.2247     0.9645    -0.6682     0.7400    -0.0764    -0.7309    -0.6339     0.2528     0.0052    21.7678
   17.9403    19.4928  -101.9642     0.1307     0.2329     0.9637    -0.7169     0.6936    -0.0703    -0.6848    -0.6817     0.2576     0.0053    23.9496
   18.2455    20.0674   -99.6306     0.1211     0.2413     0.9629    -0.7865     0.6151    -0.0553    -0.6056    -0.7506     0.2643     0.0053    27.4819
   18.5382    20.6882   -97.1929     0.1099     0.2486     0.9623    -0.8804     0.4737    -0.0218    -0.4613    -0.8448     0.2709     0.0052    32.3248
   18.8008    21.3226   -94.7620     0.0979     0.2530     0.9625    -0.9786     0.2002     0.0469    -0.1808    -0.9465     0.2672     0.0050    31.9970
   19.0248    21.9394   -92.4166     0.0862     0.2526     0.9637    -0.9486    -0.2748     0.1568     0.3044    -0.9277     0.2159     0.0050    32.4230
   19.2113    22.5141   -90.1971     0.0763     0.2458     0.9663    -0.6239    -0.7442     0.2386     0.7778    -0.6211     0.0966     0.0061    39.0144
   19.3689    23.0322   -88.1065     0.0704     0.2329     0.9700    -0.2182    -0.9452     0.2428     0.9734    -0.2287    -0.0157     0.0079    45.3982
   19.5113    23.4927   -86.1171     0.0698     0.2168     0.9737     0.1330    -0.9694     0.2063     0.9887     0.1151    -0.0965     0.0085    61.6329
   19.6537    23.9084   -84.1818     0.0745     0.2032     0.9763     0.5487    -0.8258     0.1300     0.8327     0.5261    -0.1730     0.0066    66.5328
   19.8089    24.3038   -82.2472     0.0826     0.1979     0.9767     0.9951     0.0362    -0.0915    -0.0535     0.9795    -0.1940     0.0046    64.9171
   19.9855    24.7099   -80.2659     0.0911     0.2040     0.9747     0.5338     0.8163    -0.2207    -0.8407     0.5404    -0.0346     0.0072    65.0617
   20.1856    25.1576   -78.2069     0.0975     0.2203     0.9705     0.2200     0.9463    -0.2369    -0.9706     0.2366     0.0438     0.0101    69.2206
   20.4059    25.6709   -76.0603     0.1005     0.2429     0.9648     0.0458     0.9676    -0.2484    -0.9939     0.0692     0.0861     0.0112    70.4393
   20.6383    26.2605   -73.8379     0.1001     0.2670     0.9585    -0.0862     0.9620    -0.2590    -0.9912    -0.0567     0.1193     0.0104    68.9979
   20.8724    26.9210   -71.5682     0.0967     0.2881     0.9527    -0.2320     0.9373    -0.2599    -0.9679    -0.1959     0.1575     0.0082    69.6400
   21.0982    27.6307   -69.2888     0.0914     0.3023     0.9488    -0.5131     0.8309    -0.2154    -0.8534    -0.4672     0.2310     0.0050    75.7288
   21.3078    28.3560   -67.0366     0.0849     0.3064     0.9481    -0.9581    -0.2362     0.1622     0.2736    -0.9221     0.2735     0.0030    80.3177
   21.4967    29.0581   -64.8391     0.0784     0.2980     0.9514    -0.3737    -0.8759     0.3051     0.9242    -0.3794     0.0427     0.0076    84.7425
   21.6649    29.7016   -62.7085     0.0725     0.2762     0.9584    -0.1804    -0.9414     0.2850     0.9809    -0.1935    -0.0184     0.0137    83.9723
   21.8155    30.2619   -60.6391     0.0679     0.2435     0.9675    -0.0994    -0.9633     0.2494     0.9927    -0.1131    -0.0412     0.0182    80.4905
   21.9538    30.7314   -58.6098     0.0649     0.2061     0.9764    -0.0548    -0.9762     0.2097     0.9964    -0.0671    -0.0521     0.0187    80.4155
   22.0859    31.1209   -56.5892     0.0635     0.1733     0.9828    -0.0243    -0.9843     0.1751     0.9977    -0.0350    -0.0583     0.0138    77.3767
   22.2174    31.4572   -54.5441     0.0632     0.1534     0.9861     0.0140    -0.9882     0.1528     0.9979     0.0042    -0.0646     0.0056    78.4189
   22.3521    31.7770   -52.4471     0.0636     0.1504     0.9866     0.0908     0.9836    -0.1558    -0.9938     0.0994     0.0489     0.0027    83.2352
   22.4922    32.1181   -50.2838     0.0642     0.1626     0.9846     0.0382     0.9855    -0.1653    -0.9972     0.0483     0.0571     0.0086    85.6508
   22.6388    32.5110   -48.0556     0.0652     0.1849     0.9806     0.0446     0.9812    -0.1880    -0.9969     0.0559     0.0557     0.0113    85.7586
   22.7922    32.9713   -45.7797     0.0668     0.2106     0.9753     0.0806     0.9731    -0.2157    -0.9945     0.0930     0.0480     0.0112    84.2523
   22.9529    33.4966   -43.4848     0.0697     0.2336     0.9698     0.1795     0.9534    -0.2425    -0.9813     0.1910     0.0246     0.0089    85.2546
   23.1227    34.0669   -41.2038     0.0747     0.2487     0.9657     0.5023     0.8272    -0.2519    -0.8615     0.5038    -0.0631     0.0052    88.1328
   23.3041    34.6502   -38.9663     0.0822     0.2521     0.9642     0.9467    -0.3221     0.0035     0.3115     0.9125    -0.2652     0.0041    91.1332
   23.5002    35.2098   -36.7913     0.0922     0.2420     0.9659     0.5423    -0.8258     0.1551     0.8351     0.5095    -0.2074     0.0093    90.3796
   23.7138    35.7142   -34.6823     0.1040     0.2188     0.9702     0.3854    -0.9082     0.1635     0.9169     0.3569    -0.1788     0.0149    95.4198
   23.9461    36.1438   -32.6272     0.1157     0.1869     0.9755     0.3002    -0.9428     0.1450     0.9468     0.2761    -0.1652     0.0176   100.3854
   24.1958    36.4968   -30.6006     0.1247     0.1543     0.9801     0.2204    -0.9675     0.1243     0.9674     0.2005    -0.1546     0.0153   101.7855
   24.4588    36.7887   -28.5706     0.1287     0.1301     0.9831     0.0613    -0.9905     0.1231     0.9898     0.0445    -0.1355     0.0087    98.5198
   24.7279    37.0487   -26.5065     0.1268     0.1206     0.9846    -0.9698    -0.1933     0.1486     0.2083    -0.9737     0.0925     0.0024    99.1879
   24.9940    37.3128   -24.3861     0.1195     0.1272     0.9847    -0.5633     0.8253    -0.0382    -0.8175    -0.5501     0.1703     0.0079   104.5659
   25.2473    37.6148   -22.2021     0.1083     0.1466     0.9833    -0.4596     0.8844    -0.0812    -0.8815    -0.4431     0.1631     0.0123   107.3177
   25.4792    37.9786   -19.9633     0.0950     0.1732     0.9803    -0.4314     0.8947    -0.1162    -0.8972    -0.4118     0.1597     0.0139   107.7904
   25.6839    38.4133   -17.6929     0.0815     0.2012     0.9762    -0.4306     0.8904    -0.1476    -0.8989    -0.4083     0.1592     0.0132   103.7901
   25.8591    38.9120   -15.4229     0.0692     0.2258     0.9717    -0.4511     0.8759    -0.1714    -0.8898    -0.4265     0.1625     0.0108    99.4492
   26.0068    39.4552   -13.1859     0.0593     0.2439     0.9680    -0.5055     0.8435    -0.1815    -0.8608    -0.4785     0.1733     0.0073    98.7213
   26.1323    40.0173   -11.0073     0.0526     0.2536     0.9659    -0.6681     0.7278    -0.1547    -0.7422    -0.6372     0.2077     0.0034   104.6425
   26.2428    40.5746    -8.8981     0.0491     0.2555     0.9656    -0.7314    -0.6492     0.2090     0.6802    -0.7165     0.1550     0.0012   107.2565
   26.3457    41.1128    -6.8522     0.0484     0.2521     0.9665     0.0813    -0.9654     0.2478     0.9955     0.0666    -0.0673     0.0025   112.2153
   26.4467    41.6310    -4.8474     0.0490     0.2481     0.9675     0.2380    -0.9437     0.2299     0.9700     0.2189    -0.1053     0.0016   118.5543
   26.5481    42.1421    -2.8503     0.0489     0.2482     0.9675    -0.3041     0.9263    -0.2223    -0.9514    -0.2833     0.1208     0.0018   111.8496
   26.6481    42.6683    -0.8247     0.0460     0.2554     0.9657    -0.3791     0.8989    -0.2196    -0.9242    -0.3560     0.1382     0.0058   109.1490
   26.7412    43.2340     1.2594     0.0395     0.2687     0.9624    -0.4672     0.8564    -0.2200    -0.8833    -0.4410     0.1593     0.0084   102.7640
   26.8189    43.8558     3.4181     0.0291     0.2844     0.9583    -0.6004     0.7714    -0.2107    -0.7992    -0.5692     0.1932     0.0088   105.3408
   26.8717    44.5354     5.6492     0.0158     0.2971     0.9547    -0.8205     0.5495    -0.1575    -0.5714    -0.7808     0.2525     0.0075   111.4931
   26.8913    45.2542     7.9323     0.0003     0.3016     0.9534    -0.9981    -0.0585     0.0189     0.0615    -0.9516     0.3010     0.0068   110.8018
   26.8721    45.9742    10.2336    -0.0164     0.2930     0.9560    -0.7081    -0.6784     0.1958     0.7059    -0.6737     0.2186     0.0100   108.5928
   26.8130    46.6436    12.5143    -0.0334     0.2667     0.9632    -0.4138    -0.8809     0.2296     0.9098    -0.3909     0.1398     0.0174   106.6045
   26.7175    47.2068    14.7408    -0.0496     0.2192     0.9744    -0.2482    -0.9477     0.2005     0.9674    -0.2320     0.1014     0.0275   104.5409
   26.5933    47.6164    16.8938    -0.0630     0.1499     0.9867    -0.1421    -0.9799     0.1398     0.9878    -0.1314     0.0830     0.0378   104.0830
   26.4514    47.8448    18.9744    -0.0712     0.0656     0.9953    -0.0562    -0.9965     0.0617     0.9959    -0.0515     0.0747     0.0434   107.6293
   26.3039    47.8920    21.0051    -0.0722    -0.0178     0.9972     0.0366    -0.9992    -0.0152     0.9967     0.0354     0.0728     0.0388   114.4887
   26.1626    47.7865    23.0251    -0.0661    -0.0810     0.9945     0.1932    -0.9789    -0.0669     0.9789     0.1877     0.0803     0.0241   115.4823
   26.0370    47.5814    25.0811    -0.0548    -0.1107     0.9923     0.7717    -0.6354    -0.0283     0.6336     0.7642     0.1203     0.0081   112.3553
   25.9337    47.3429    27.2154    -0.0413    -0.1059     0.9935     0.5425     0.8326     0.1113    -0.8390     0.5436     0.0230     0.0115   113.7786
   25.8559    47.1360    29.4540    -0.0281    -0.0751     0.9968     0.2966     0.9516     0.0801    -0.9546     0.2979    -0.0045     0.0185   119.0384
   25.8042    47.0096    31.7978    -0.0164    -0.0320     0.9994     0.2306     0.9724     0.0349    -0.9729     0.2310    -0.0085     0.0196   119.4076
   25.7770    46.9844    34.2196    -0.0063     0.0097     0.9999     0.2372     0.9714    -0.0080    -0.9714     0.2371    -0.0085     0.0159   123.0547
   25.7725    47.0470    36.6678     0.0025     0.0383     0.9993     0.4029     0.9145    -0.0361    -0.9153     0.4027    -0.0131     0.0086   140.0994
   25.7890    47.1512    39.0763     0.0113     0.0435     0.9990     0.7223    -0.6912     0.0220     0.6915     0.7214    -0.0392     0.0053   142.4654
   25.8261    47.2269    41.3789     0.0214     0.0157     0.9996     0.2322    -0.9726     0.0103     0.9724     0.2319    -0.0244     0.0213   158.7073
   25.8848    47.1945    43.5254     0.0341    -0.0543     0.9979     0.1526    -0.9865    -0.0589     0.9877     0.1543    -0.0253     0.0451   147.7113
   25.9674    46.9822    45.4943     0.0498    -0.1684     0.9845     0.1245    -0.9770    -0.1734     0.9910     0.1312    -0.0277     0.0717   143.2488
   26.0760    46.5414    47.3012     0.0667    -0.3072     0.9493     0.1096    -0.9434    -0.3130     0.9917     0.1250    -0.0293     0.0833   139.6080
   26.2123    45.8578    48.9972     0.0811    -0.4313     0.8986     0.1034    -0.8930    -0.4380     0.9913     0.1284    -0.0278     0.0640   133.2086
   26.3763    44.9554    50.6603     0.0906    -0.5082     0.8565     0.1215    -0.8479    -0.5160     0.9885     0.1508    -0.0151     0.0286   118.7236
   26.5656    43.8925    52.3782     0.0952    -0.5307     0.8422     0.5156     0.7500     0.4143    -0.8515     0.3948     0.3451     0.0023   105.6193
   26.7752    42.7508    54.2276     0.0962    -0.5092     0.8552    -0.0160     0.8583     0.5129    -0.9952    -0.0630     0.0744     0.0208    89.5935
   26.9975    41.6201    56.2527     0.0943    -0.4581     0.8839    -0.0439     0.8851     0.4634    -0.9946    -0.0825     0.0633     0.0294    61.4490
   27.2233    40.5823    58.4494     0.0905    -0.3914     0.9158    -0.0577     0.9159     0.3972    -0.9942    -0.0888     0.0603     0.0312    43.2207
   27.4420    39.6984    60.7569     0.0857    -0.3214     0.9431    -0.0700     0.9423     0.3275    -0.9939    -0.0941     0.0582     0.0295    22.8268
   27.6432    39.0008    63.0603     0.0810    -0.2571     0.9630    -0.0706     0.9622     0.2629    -0.9942    -0.0893     0.0598     0.0264    15.9081
   27.8171    38.4928    65.2045     0.0760    -0.2032     0.9762    -0.0997     0.9726     0.2102    -0.9921    -0.1133     0.0537     0.0240    26.4267
   27.9552    38.1549    67.0166     0.0741    -0.1635     0.9838    -0.0410     0.9851     0.1668    -0.9964    -0.0527     0.0663     0.0206    80.9705
   28.0510    37.9559    68.3329     0.0676    -0.1339     0.9887    -0.3465     0.9261     0.1491    -0.9356    -0.3526     0.0162     0.0260   120.1478
   28.1426    37.6499    73.4201    -0.0576     0.0258     0.9980    -0.7189     0.6926    -0.0594    -0.6928    -0.7209    -0.0213        n/a   188.7063

[Branch Set 3] Branch Segment 6:

Point (22.3299, 23.8991, 76.3667) connects to:
    Branch Segment 3
    Branch Segment 4

        Px         Py         Pz         Tx         Ty         Tz         Nx         Ny         Nz        BNx        BNy        BNz          C       Area
   26.4420    15.2885   126.9325     0.0606     0.0729    -0.9955    -0.7620     0.6476     0.0011     0.6448     0.7585     0.0948        n/a     7.3254
   26.5687    15.4579   124.7407     0.0538     0.0829    -0.9951    -0.4780     0.8771     0.0472     0.8767     0.4731     0.0868     0.0082     9.8593
   26.6727    15.6533   122.6343     0.0438     0.1035    -0.9937    -0.4126     0.9077     0.0763     0.9099     0.4066     0.0825     0.0135    10.1221
   26.7520    15.9164   120.4801     0.0280     0.1432    -0.9893    -0.3429     0.9310     0.1251     0.9390     0.3357     0.0752     0.0265     9.1860
   26.7866    16.2670   118.5082     0.0049     0.2137    -0.9769    -0.2858     0.9365     0.2035     0.9583     0.2782     0.0656     0.0485    10.8197
   26.7722    16.7314   116.7773    -0.0214     0.3087    -0.9509    -0.2356     0.9228     0.3049     0.9716     0.2306     0.0530     0.0647    12.1547
   26.7177    17.3269   115.2031    -0.0416     0.3929    -0.9186    -0.1944     0.8987     0.3932     0.9800     0.1949     0.0390     0.0452    13.5965
   26.6361    18.0473   113.6436    -0.0516     0.4358    -0.8986    -0.2693     0.8604     0.4327     0.9617     0.2643     0.0729     0.0110    13.0262
   26.5363    18.8565   111.9919    -0.0567     0.4379    -0.8972    -0.3444    -0.8521    -0.3941    -0.9371     0.2867     0.1992     0.0079    16.3665
   26.4184    19.6969   110.2296    -0.0648     0.4199    -0.9052    -0.4068    -0.8395    -0.3603    -0.9112     0.3449     0.2252     0.0136    17.0745
   26.2759    20.5107   108.4183    -0.0796     0.3979    -0.9140    -0.6384    -0.7245    -0.2598    -0.7656     0.5628     0.3117     0.0147    19.6369
   26.1026    21.2630   106.6443    -0.1004     0.3812    -0.9190    -0.8722    -0.4782    -0.1030    -0.4788     0.7912     0.3805     0.0138    21.1235
   25.8995    21.9559   104.9548    -0.1197     0.3750    -0.9193    -0.9924    -0.0182     0.1218     0.0290     0.9269     0.3743     0.0090    17.9930
   25.6785    22.6233   103.3255    -0.1262     0.3785    -0.9169     0.3376     0.8856     0.3191     0.9328    -0.2693    -0.2396     0.0047    16.4851
   25.4590    23.3094   101.6779    -0.1153     0.3838    -0.9162     0.9859     0.1567    -0.0584     0.1212    -0.9100    -0.3965     0.0108    21.5768
   25.2597    24.0382    99.9333    -0.0942     0.3806    -0.9199     0.8791    -0.4019    -0.2563    -0.4673    -0.8328    -0.2967     0.0129    26.6643
   25.0897    24.7902    98.0670    -0.0757     0.3613    -0.9294     0.4146    -0.8363    -0.3589    -0.9069    -0.4125    -0.0865     0.0167    25.7861
   24.9431    25.4990    96.1281    -0.0684     0.3191    -0.9453     0.0042    -0.9474    -0.3201    -0.9977    -0.0258     0.0634     0.0286    27.4671
   24.8000    26.0701    94.2090    -0.0771     0.2421    -0.9672    -0.1694    -0.9591    -0.2266    -0.9825     0.1464     0.1150     0.0522    27.4259
   24.6347    26.4152    92.3830    -0.1031     0.1169    -0.9878    -0.2153    -0.9721    -0.0926    -0.9711     0.2031     0.1254     0.0862    27.9629
   24.4258    26.4868    90.6479    -0.1353    -0.0378    -0.9901    -0.1912    -0.9795     0.0635    -0.9722     0.1979     0.1253     0.0951    27.5759
   24.1661    26.2976    88.9146    -0.1552    -0.1639    -0.9742    -0.0923    -0.9794     0.1795    -0.9836     0.1178     0.1369     0.0511    24.2344
   23.8654    25.9164    87.0561    -0.1549    -0.2196    -0.9632     0.5003    -0.8582     0.1152    -0.8519    -0.4640     0.2428     0.0095    22.5319
   23.5482    25.4435    84.9964    -0.1408    -0.2168    -0.9660     0.6187     0.7425    -0.2568     0.7729    -0.6338     0.0296     0.0133    38.1708
   23.2465    24.9793    82.7936    -0.1263    -0.1912    -0.9734     0.3396     0.9136    -0.2235     0.9321    -0.3588    -0.0505     0.0136   296.3827
   22.9916    24.5973    80.6693    -0.1044    -0.1586    -0.9818     0.5908     0.7843    -0.1895     0.8001    -0.5998     0.0118     0.0201   588.6753
   22.8085    24.3358    78.9589    -0.1173    -0.1473    -0.9821    -0.9857    -0.1031     0.1332    -0.1209     0.9837    -0.1331     0.0271   664.7638
   22.3299    23.8991    76.3667    -0.2651    -0.1907    -0.9452    -0.8967    -0.3115     0.3144    -0.3544     0.9309    -0.0884        n/a   222.2169

[Branch Set 4] Branch Segment 7:

Point (16.0357, 12.7636, 77.7125) connects from:
    Branch Segment 2
    Branch Segment 3

        Px         Py         Pz         Tx         Ty         Tz         Nx         Ny         Nz        BNx        BNy        BNz          C       Area
   16.0357    12.7636    77.7125    -0.7528     0.3452     0.5605     0.5529    -0.1307     0.8230     0.3573     0.9294    -0.0924        n/a  1507.5802
   12.6995    14.4731    82.2638    -0.4076     0.2314     0.8833     0.7924    -0.3911     0.4681     0.4538     0.8908    -0.0240     0.0332   312.5583
   10.2328    15.7571    87.4622    -0.5156     0.2273     0.8261    -0.8226     0.1384    -0.5515    -0.2397    -0.9639     0.1156     0.0739   153.8199
    6.5044    17.0012    91.8225    -0.6987     0.1531     0.6988    -0.1763    -0.9836     0.0392     0.6934    -0.0958     0.7142     0.0343   125.4885
    2.0962    17.6211    95.6877    -0.8226     0.1092     0.5581    -0.5092     0.2956    -0.8083    -0.2533    -0.9490    -0.1875     0.0646   118.3527
   -3.1101    18.6169    98.1902    -0.9193     0.2339     0.3166    -0.1009     0.6373    -0.7640    -0.3804    -0.7342    -0.5623     0.0375   112.7637
   -8.5012    20.4715    99.7015    -0.8874     0.4059     0.2186     0.3896     0.9138    -0.1150    -0.2464    -0.0169    -0.9690        n/a    33.1775

[Branch Set 5] Branch Segment 8:

Point (28.1426, 37.6499, 73.4201) connects to:
    Branch Segment 4
    Branch Segment 5

        Px         Py         Pz         Tx         Ty         Tz         Nx         Ny         Nz        BNx        BNy        BNz          C       Area
   37.2967    26.3075   106.1258    -0.3774     0.7971    -0.4714     0.3989    -0.3194    -0.8596    -0.8357    -0.5124    -0.1974        n/a    63.1651
   36.1793    28.6967   104.6516    -0.3618     0.7837    -0.5048     0.3969    -0.3605    -0.8441    -0.8435    -0.5058    -0.1806     0.0137    79.3291
   35.0038    31.2813   102.9015    -0.3426     0.7652    -0.5450     0.3991    -0.4066    -0.8218    -0.8505    -0.4991    -0.1661     0.0152    72.2984
   33.6820    34.2935   100.6108    -0.3159     0.7358    -0.5990     0.3992    -0.4696    -0.7875    -0.8607    -0.4879    -0.1454     0.0182    72.4015
   32.3703    37.4294    97.8354    -0.2805     0.6901    -0.6671     0.3957    -0.5501    -0.7354    -0.8745    -0.4702    -0.1188     0.0226    69.3539
   31.2078    40.3828    94.6633    -0.2357     0.6207    -0.7477     0.3839    -0.6474    -0.6584    -0.8928    -0.4422    -0.0857     0.0290    75.7498
   30.2944    42.8782    91.2173    -0.1819     0.5177    -0.8360     0.3575    -0.7572    -0.5467    -0.9160    -0.3983    -0.0473     0.0383    79.6518
   29.6753    44.6980    87.6531    -0.1219     0.3691    -0.9214     0.3085    -0.8682    -0.3886    -0.9434    -0.3316    -0.0081     0.0517    81.3374
   29.3361    45.7003    84.1508    -0.0629     0.1638    -0.9845     0.2282    -0.9579    -0.1739    -0.9716    -0.2356     0.0229     0.0707    87.6533
   29.2078    45.8263    80.9004    -0.0184    -0.1015    -0.9947     0.1136    -0.9886     0.0988    -0.9934    -0.1112     0.0297     0.0956    93.4965
   29.1807    45.0955    78.0828    -0.0070    -0.4082    -0.9128    -0.0258    -0.9125     0.4083    -0.9996     0.0264    -0.0042     0.1239   100.6443
   29.1251    43.5922    75.8489    -0.0434    -0.6963    -0.7165    -0.1685    -0.7018     0.6922    -0.9847     0.1508    -0.0869     0.1407   107.9027
   28.9147    41.4456    74.3002    -0.1181    -0.8901    -0.4402    -0.2647    -0.3990     0.8779    -0.9571     0.2202    -0.1885     0.1220   117.1612
   28.1426    37.6499    73.4201    -0.2771    -0.9608     0.0095    -0.3663     0.1147     0.9234    -0.8883     0.2524    -0.3837        n/a   188.7063

