Legend
======
Order:       curve order
Px,Py,Pz:    coordinates of point P on the centerline
Tx,Ty,Tz:    coordinates of the direction of the Tangent vector to point P
Nx,Ny,Nz:    coordinates of the direction of the Normal vector to point P
BNx,BNy,BNz: coordinates of the direction of the Binormal vector to point P
Dfit:        diameter of the best fit circle in point P
Dmin:        diameter of the inscribing circle in point P
Dmax:        diameter of the subscribing circle in point P
C:           curvature in point P
Dh:          hydraulic diameter in point P
Xh:          hydraulic ratio in point P
Scf:         distance of circumference in point P
Area:        sectional area in point P
E:           ellipticity in point P


Order: Cubic

[Main Branch Set] Branch Segment 1:

Point (-3.2078, 18.7679, 60.3016) connects to:
    Branch Segment 2
    Branch Segment 6

        Px         Py         Pz         Tx         Ty         Tz         Nx         Ny         Nz        BNx        BNy        BNz          C       Area
   14.8613    23.6146    -2.0641    -0.1487     0.2325     0.9611    -0.8886    -0.4579    -0.0267     0.4339    -0.8580     0.2747        n/a   102.0497
   14.4681    24.1175     0.1261    -0.1978     0.2074     0.9581    -0.8869    -0.4541    -0.0848     0.4174    -0.8665     0.2738     0.0270   142.3859
   13.9193    24.5776     2.4175    -0.2613     0.1746     0.9493    -0.8756    -0.4568    -0.1570     0.4063    -0.8722     0.2723     0.0330   179.9560
   13.0855    24.9932     4.9900    -0.3517     0.1268     0.9275    -0.8500    -0.4583    -0.2597     0.3922    -0.8797     0.2690     0.0437   229.2808
   11.9242    25.2648     7.5660    -0.4698     0.0615     0.8806    -0.7983    -0.4556    -0.3940     0.3769    -0.8881     0.2631     0.0570   290.6825
   10.4237    25.3299     9.9289    -0.6021    -0.0170     0.7982    -0.7116    -0.4420    -0.5462     0.3621    -0.8968     0.2541     0.0679   324.5708
    8.6121    25.1752    11.9593    -0.7213    -0.0951     0.6860    -0.5976    -0.4151    -0.6859     0.3500    -0.9048     0.2426     0.0656   296.7394
    6.5573    24.8334    13.6465    -0.8029    -0.1556     0.5755    -0.4861    -0.3879    -0.7831     0.3451    -0.9085     0.2358     0.0466   294.7374
    4.3573    24.3666    15.0743    -0.8415    -0.1903     0.5057    -0.3890    -0.4362    -0.8114     0.3750    -0.8795     0.2930     0.0187   293.9571
    2.1234    23.8434    16.3869    -0.8429    -0.2024     0.4985     0.5224    -0.0864     0.8483    -0.1286     0.9755     0.1785     0.0116   289.0274
   -0.0379    23.3162    17.7443    -0.8092    -0.2007     0.5522     0.5511     0.0666     0.8318    -0.2037     0.9774     0.0567     0.0371   289.3504
   -2.0417    22.8059    19.2810    -0.7396    -0.1956     0.6440     0.6518     0.0307     0.7578    -0.1680     0.9802     0.1048     0.0526   283.2283
   -3.8341    22.2998    21.0761    -0.6424    -0.1973     0.7405     0.7614    -0.0547     0.6459    -0.0869     0.9788     0.1854     0.0536   298.8478
   -5.3935    21.7613    23.1423    -0.5376    -0.2121     0.8161     0.8420    -0.1854     0.5065     0.0439     0.9595     0.2783     0.0451   296.4841
   -6.7243    21.1487    25.4342    -0.4436    -0.2397     0.8636     0.8716    -0.3398     0.3534     0.2087     0.9094     0.3597     0.0354   286.8982
   -7.8450    20.4363    27.8709    -0.3668    -0.2738     0.8891     0.8670    -0.4473     0.2199     0.3374     0.8515     0.4014     0.0282   276.6012
   -8.7748    19.6303    30.3645    -0.3034    -0.3043     0.9030     0.9018    -0.3977     0.1690     0.3077     0.8656     0.3950     0.0234   255.6159
   -9.5236    18.7741    32.8476    -0.2445    -0.3191     0.9156     0.9695    -0.0651     0.2362    -0.0157     0.9455     0.3253     0.0227   245.8915
  -10.0866    17.9410    35.2892    -0.1795    -0.3061     0.9349     0.8827     0.3694     0.2905    -0.4343     0.8774     0.2039     0.0309   247.4342
  -10.4459    17.2170    37.6981    -0.0997    -0.2567     0.9613     0.7667     0.5960     0.2386    -0.6342     0.7609     0.1374     0.0464   233.2842
  -10.5776    16.6781    40.1122    -0.0041    -0.1730     0.9849     0.7154     0.6877     0.1238    -0.6987     0.7051     0.1210     0.0582   225.1419
  -10.4608    16.3709    42.5789     0.0971    -0.0738     0.9925     0.7066     0.7074    -0.0165    -0.7009     0.7030     0.1208     0.0561   218.8342
  -10.0861    16.3014    45.1326     0.1897     0.0154     0.9817     0.7308     0.6655    -0.1516    -0.6557     0.7462     0.1150     0.0439   213.7039
   -9.4605    16.4369    47.7757     0.2671     0.0789     0.9604     0.7897     0.5532    -0.2650    -0.5522     0.8293     0.0854     0.0316   206.0210
   -8.6065    16.7203    50.4694     0.3323     0.1168     0.9359     0.8574     0.3759    -0.3514    -0.3929     0.9193     0.0248     0.0246   188.8440
   -7.5577    17.0927    53.1357     0.3936     0.1397     0.9086     0.8676     0.2703    -0.4174    -0.3039     0.9526    -0.0148     0.0246   173.4887
   -6.3507    17.5169    55.6702     0.4575     0.1593     0.8748     0.8344     0.2630    -0.4843    -0.3073     0.9515    -0.0126     0.0284   163.4181
   -5.0183    17.9954    57.9619     0.5359     0.2039     0.8193     0.6636     0.4982    -0.5580    -0.5220     0.8427     0.1316     0.0511   165.9980
   -3.2078    18.7679    60.3016     0.6482     0.3089     0.6960     0.4825     0.5405    -0.6892    -0.5891     0.7826     0.2013        n/a   197.5823

[Main Branch Set] Branch Segment 2:

Point (-3.2078, 18.7679, 60.3016) connects from:
    Branch Segment 1
    Branch Segment 6
Point (1.1182, 21.8210, 63.3003) connects to:
    Branch Segment 3
    Branch Segment 7

        Px         Py         Pz         Tx         Ty         Tz         Nx         Ny         Nz        BNx        BNy        BNz          C       Area
   -3.2078    18.7679    60.3016     0.6150     0.2664     0.7422     0.4685     0.6336    -0.6156    -0.6343     0.7263     0.2648        n/a   197.5823
   -2.0727    19.3434    61.4637     0.6919     0.3984     0.6021     0.2657     0.6349    -0.7255    -0.6713     0.6619     0.3334     0.1155   272.6847
   -0.4964    20.3964    62.5865     0.7236     0.5526     0.4136    -0.0127     0.6098    -0.7925    -0.6901     0.5682     0.4483     0.1093   119.4339
    1.1182    21.8210    63.3003     0.6839     0.6979     0.2127    -0.2983     0.5335    -0.7915    -0.6659     0.4778     0.5730        n/a   120.2902

[Main Branch Set] Branch Segment 3:

Point (1.1182, 21.8210, 63.3003) connects from:
    Branch Segment 2
    Branch Segment 7
Point (8.4277, 35.2885, 62.0224) connects to:
    Branch Segment 4
    Branch Segment 5

        Px         Py         Pz         Tx         Ty         Tz         Nx         Ny         Nz        BNx        BNy        BNz          C       Area
    1.1182    21.8210    63.3003     0.6885     0.6924     0.2157    -0.3239     0.5598    -0.7627    -0.6488     0.4552     0.6097        n/a   120.2902
    2.7333    23.6608    63.6523     0.6139     0.7858     0.0751    -0.4867     0.4516    -0.7478    -0.6215     0.4225     0.6597     0.0646   208.0661
    4.2951    25.8974    63.7029     0.5316     0.8465    -0.0286    -0.6549     0.3894    -0.6476    -0.5371     0.3630     0.7614     0.0428    76.9993
    5.7382    28.4446    63.5076     0.4528     0.8857    -0.1022    -0.7131     0.2910    -0.6379    -0.5352     0.3617     0.7633     0.0357    75.6843
    6.9946    31.1576    63.1021     0.3816     0.9096    -0.1644    -0.7422     0.1955    -0.6411    -0.5510     0.3666     0.7497     0.0292    74.3379
    8.0076    33.8585    62.4942     0.2985     0.9179    -0.2616    -0.6026    -0.0313    -0.7974    -0.7401     0.3956     0.5438     0.0587   176.0710
    8.4277    35.2885    62.0224     0.2365     0.9083    -0.3451    -0.5870    -0.1494    -0.7957    -0.7743     0.3908     0.4978        n/a   170.5388

[Main Branch Set] Branch Segment 4:

Point (8.4277, 35.2885, 62.0224) connects from:
    Branch Segment 3
    Branch Segment 5

        Px         Py         Pz         Tx         Ty         Tz         Nx         Ny         Nz        BNx        BNy        BNz          C       Area
    8.4277    35.2885    62.0224     0.2889     0.9160    -0.2783    -0.6197    -0.0427    -0.7837    -0.7298     0.3989     0.5553        n/a   170.5388
    9.2077    38.5420    60.5839     0.1424     0.8416    -0.5209    -0.3971    -0.4335    -0.8089    -0.9067     0.3220     0.2725     0.0949   162.8216
    9.4321    40.2958    59.2142     0.0577     0.7082    -0.7036    -0.3107    -0.6571    -0.6868    -0.9488     0.2582     0.1821     0.1211   121.0967
    9.4822    41.6220    57.5409    -0.0049     0.5276    -0.8495    -0.1969    -0.8334    -0.5164    -0.9804     0.1648     0.1079     0.1064    99.8995
    9.4362    42.5875    55.5791    -0.0304     0.3662    -0.9300    -0.0395    -0.9302    -0.3650    -0.9988     0.0257     0.0427     0.0606    96.4084
    9.3683    43.3178    53.3799    -0.0245     0.2779    -0.9603     0.3413    -0.9006    -0.2693    -0.9396    -0.3343    -0.0728     0.0213    91.3058
    9.3334    43.9685    51.0264    -0.0030     0.2669    -0.9637     0.7012     0.6876     0.1882     0.7129    -0.6752    -0.1892     0.0145    81.8164
    9.3567    44.6936    48.6189     0.0208     0.3184    -0.9477     0.2586     0.9139     0.3128     0.9658    -0.2516    -0.0633     0.0336    58.3215
    9.4326    45.6140    46.2546     0.0370     0.4113    -0.9107     0.0852     0.9068     0.4130     0.9957    -0.0928    -0.0015     0.0465    34.4033
    9.5326    46.7961    44.0065     0.0390     0.5181    -0.8545    -0.0487     0.8551     0.5162     0.9981     0.0215     0.0585     0.0488    44.5742
    9.6187    48.2419    41.9068     0.0263     0.6102    -0.7918    -0.1909     0.7805     0.5952     0.9813     0.1355     0.1370     0.0394    69.4906
    9.6593    49.8929    39.9396     0.0045     0.6681    -0.7441    -0.4320     0.6723     0.6011     0.9018     0.3187     0.2917     0.0218   115.0830
    9.6415    51.6463    38.0463    -0.0176     0.6833    -0.7299    -0.9078    -0.3169    -0.2748    -0.4191     0.6577     0.6259     0.0085   155.0509
    9.5760    53.3781    36.1413    -0.0311     0.6538    -0.7561    -0.1026    -0.7545    -0.6482    -0.9942     0.0574     0.0906     0.0272   188.0562
    9.4946    54.9683    34.1345    -0.0295     0.5800    -0.8141     0.0876    -0.8098    -0.5801    -0.9957    -0.0884    -0.0269     0.0464   214.6797
    9.4388    56.3229    31.9550    -0.0113     0.4702    -0.8825     0.1819    -0.8668    -0.4642    -0.9833    -0.1658    -0.0757     0.0556   219.3116
    9.4464    57.3880    29.5690     0.0181     0.3446    -0.9386     0.2371    -0.9134    -0.3308    -0.9713    -0.2165    -0.0982     0.0523   209.7054
    9.5382    58.1538    26.9871     0.0492     0.2274    -0.9726     0.2578    -0.9436    -0.2076    -0.9649    -0.2405    -0.1050     0.0413   202.1209
    9.7108    58.6488    24.2594     0.0731     0.1339    -0.9883     0.2266    -0.9673    -0.1143    -0.9712    -0.2156    -0.1011     0.0291   194.2627
    9.9367    58.9271    21.4599     0.0846     0.0677    -0.9941     0.0805    -0.9949    -0.0609    -0.9932    -0.0749    -0.0896     0.0189   185.9852
   10.1728    59.0522    18.6651     0.0811     0.0248    -0.9964    -0.3208    -0.9459    -0.0496    -0.9437     0.3236    -0.0687     0.0125   182.5771
   10.3733    59.0817    15.9331     0.0629    -0.0011    -0.9980    -0.7910    -0.6098    -0.0492    -0.6085     0.7926    -0.0392     0.0117   182.2990
   10.5035    59.0565    13.2896     0.0340    -0.0170    -0.9993    -0.9316    -0.3626    -0.0255    -0.3619     0.9318    -0.0281     0.0135   176.3451
   10.5498    58.9966    10.7245     0.0023    -0.0297    -0.9996    -0.9218    -0.3875     0.0094    -0.3876     0.9214    -0.0283     0.0130   172.1810
   10.5227    58.9037     8.1997    -0.0217    -0.0444    -0.9988    -0.7286    -0.6834     0.0462    -0.6846     0.7287    -0.0176     0.0096   167.4449
   10.4524    58.7684     5.6653    -0.0308    -0.0627    -0.9976    -0.0198    -0.9978     0.0633    -0.9993     0.0217     0.0295     0.0078   162.9140
   10.3781    58.5795     3.0779    -0.0242    -0.0828    -0.9963     0.5628    -0.8248     0.0549    -0.8262    -0.5594     0.0666     0.0093   155.9941
   10.3350    58.3323     0.4159    -0.0070    -0.1013    -0.9948     0.7757    -0.6283     0.0586    -0.6310    -0.7713     0.0830     0.0098   151.8670
   10.3441    58.0338    -2.3139     0.0133    -0.1150    -0.9933     0.8804    -0.4696     0.0662    -0.4740    -0.8754     0.0950     0.0081   147.8588
   10.4058    57.7019    -5.0802     0.0299    -0.1219    -0.9921     0.9717    -0.2292     0.0574    -0.2344    -0.9657     0.1116     0.0049   142.8902
   10.5025    57.3621    -7.8395     0.0380    -0.1211    -0.9919     0.5428     0.8359    -0.0813     0.8390    -0.5353     0.0975     0.0020   141.2836
   10.6053    57.0408   -10.5522     0.0354    -0.1128    -0.9930    -0.5573     0.8225    -0.1133     0.8295     0.5574    -0.0337     0.0053   136.4595
   10.6851    56.7586   -13.1971     0.0230    -0.0983    -0.9949    -0.6967     0.7121    -0.0865     0.7170     0.6952    -0.0521     0.0091   131.0769
   10.7218    56.5266   -15.7791     0.0048    -0.0803    -0.9968    -0.7174     0.6941    -0.0594     0.6966     0.7154    -0.0543     0.0107   126.4742
   10.7108    56.3450   -18.3266    -0.0127    -0.0622    -0.9980    -0.6694     0.7420    -0.0377     0.7428     0.6676    -0.0511     0.0091   121.5769
   10.6622    56.2058   -20.8812    -0.0238    -0.0473    -0.9986    -0.4629     0.8859    -0.0309     0.8861     0.4615    -0.0430     0.0056   119.3097
   10.5951    56.0974   -23.4816    -0.0263    -0.0368    -0.9990     0.2141     0.9759    -0.0416     0.9765    -0.2149    -0.0178     0.0032   113.1338
   10.5293    56.0084   -26.1493    -0.0224    -0.0304    -0.9993     0.7888     0.6136    -0.0363     0.6142    -0.7891     0.0103     0.0028   108.9981
   10.4760    55.9308   -28.8800    -0.0168    -0.0268    -0.9995     0.8971     0.4409    -0.0269     0.4414    -0.8972     0.0166     0.0020   104.4401
   10.4338    55.8590   -31.6453    -0.0146    -0.0255    -0.9996    -0.9719     0.2353     0.0082     0.2350     0.9716    -0.0282     0.0002    97.8450
   10.3888    55.7870   -34.4023    -0.0194    -0.0274    -0.9994    -0.9170    -0.3978     0.0287    -0.3984     0.9171    -0.0174     0.0036    92.9462
   10.3202    55.7043   -37.1096    -0.0326    -0.0350    -0.9989    -0.8352    -0.5480     0.0464    -0.5490     0.8358    -0.0114     0.0077    86.3794
   10.2098    55.5923   -39.7421    -0.0520    -0.0519    -0.9973    -0.6914    -0.7188     0.0735    -0.7206     0.6933     0.0015     0.0120    83.6968
   10.0496    55.4245   -42.3005    -0.0723    -0.0810    -0.9941    -0.4653    -0.8788     0.1055    -0.8822     0.4702     0.0258     0.0160    81.1715
    9.8473    55.1698   -44.8110    -0.0858    -0.1219    -0.9888    -0.1748    -0.9753     0.1354    -0.9809     0.1845     0.0624     0.0187    76.0755
    9.6246    54.8003   -47.3150    -0.0870    -0.1693    -0.9817     0.1215    -0.9799     0.1582    -0.9888    -0.1055     0.1058     0.0194    75.7284
    9.4115    54.2997   -49.8539    -0.0753    -0.2151    -0.9737     0.3727    -0.9118     0.1726    -0.9249    -0.3499     0.1488     0.0178    75.4326
    9.2353    53.6713   -52.4522    -0.0556    -0.2519    -0.9662     0.5706    -0.8021     0.1763    -0.8194    -0.5414     0.1883     0.0140    72.7939
    9.1107    52.9410   -55.1081    -0.0354    -0.2753    -0.9607     0.7475    -0.6454     0.1574    -0.6633    -0.7126     0.2286     0.0089    68.9109
    9.0331    52.1553   -57.7930    -0.0217    -0.2836    -0.9587     0.9978    -0.0657    -0.0031    -0.0621    -0.9567     0.2844     0.0031    65.1555
    8.9783    51.3728   -60.4623    -0.0202    -0.2763    -0.9609    -0.3417     0.9051    -0.2531     0.9396     0.3232    -0.1127     0.0060    61.5097
    8.9083    50.6513   -63.0728    -0.0344    -0.2536    -0.9667    -0.5881     0.7872    -0.1856     0.8081     0.5621    -0.1762     0.0144    61.7688
    8.7829    50.0350   -65.6005    -0.0645    -0.2173    -0.9740    -0.6556     0.7450    -0.1228     0.7523     0.6306    -0.1905     0.0222    67.3732
    8.5724    49.5440   -68.0523    -0.1044    -0.1731    -0.9794    -0.6766     0.7341    -0.0576     0.7289     0.6566    -0.1938     0.0254    62.6219
    8.2673    49.1707   -70.4661    -0.1419    -0.1316    -0.9811    -0.6631     0.7485    -0.0045     0.7349     0.6499    -0.1935     0.0202    50.1168
    7.8830    48.8830   -72.8988    -0.1644    -0.1037    -0.9809    -0.5417     0.8406     0.0020     0.8243     0.5317    -0.1944     0.0088    48.1184
    7.4570    48.6338   -75.4059    -0.1653    -0.0947    -0.9817     0.9839    -0.0848    -0.1575    -0.0684    -0.9919     0.1072     0.0041    38.3959
    7.0392    48.3745   -78.0197    -0.1462    -0.1026    -0.9839     0.8757    -0.4760    -0.0805    -0.4601    -0.8734     0.1594     0.0117    31.0362
    6.6794    48.0673   -80.7345    -0.1135    -0.1215    -0.9861     0.8558    -0.5162    -0.0349    -0.5047    -0.8478     0.1626     0.0157    27.1472
    6.4151    47.6931   -83.5046    -0.0744    -0.1453    -0.9866     0.8534    -0.5211     0.0124    -0.5159    -0.8410     0.1627     0.0168    23.5558
    6.2626    47.2536   -86.2589    -0.0351    -0.1692    -0.9850     0.8526    -0.5192     0.0588    -0.5213    -0.8377     0.1625     0.0161    23.0101
    6.2152    46.7656   -88.9253    -0.0008    -0.1903    -0.9817     0.8453    -0.5246     0.1010    -0.5342    -0.8298     0.1613     0.0137    21.1724
    6.2474    46.2516   -91.4599     0.0240    -0.2064    -0.9782     0.8130    -0.5654     0.1392    -0.5818    -0.7986     0.1542     0.0093    19.3403
    6.3238    45.7294   -93.8683     0.0356    -0.2162    -0.9757     0.5478    -0.8123     0.1999    -0.8358    -0.5416     0.0895     0.0033    19.4157
    6.4093    45.2048   -96.2109     0.0334    -0.2197    -0.9750    -0.9979    -0.0609    -0.0204    -0.0549     0.9737    -0.2212     0.0036    16.8272
    6.4777    44.6700   -98.5875     0.0220    -0.2188    -0.9755    -0.9846     0.1648    -0.0591     0.1737     0.9618    -0.2118     0.0058    16.1055
    6.5167    44.1089  -101.1041     0.0088    -0.2165    -0.9763    -0.9831     0.1767    -0.0481     0.1830     0.9602    -0.2112     0.0045    19.0205
    6.5268    43.5071  -103.8295    -0.0006    -0.2151    -0.9766    -0.9960     0.0872    -0.0186     0.0891     0.9727    -0.2143     0.0023    18.2627
    6.5175    42.8626  -106.7570    -0.0049    -0.2152    -0.9766    -0.9125    -0.3985     0.0923    -0.4090     0.8916    -0.1944     0.0007    17.3690
    6.5010    42.1947  -109.7805    -0.0053    -0.2164    -0.9763     0.4892    -0.8521     0.1862    -0.8722    -0.4766     0.1104     0.0006    15.1236
    6.4870    41.5453  -112.6988    -0.0038    -0.2181    -0.9759     0.7620    -0.6327     0.1384    -0.6476    -0.7431     0.1686     0.0009    10.8558
    6.4797    40.9741  -115.2454    -0.0017    -0.2197    -0.9756     0.8161    -0.5641     0.1256    -0.5779    -0.7959     0.1802     0.0011     8.7772
    6.4786    40.4311  -117.6478     0.0008    -0.2213    -0.9752     0.8496    -0.5142     0.1174    -0.5274    -0.8286     0.1876        n/a     8.8237

[Branch Set 1] Branch Segment 5:

Point (8.4277, 35.2885, 62.0224) connects from:
    Branch Segment 3
    Branch Segment 4

        Px         Py         Pz         Tx         Ty         Tz         Nx         Ny         Nz        BNx        BNy        BNz          C       Area
    8.4277    35.2885    62.0224    -0.4461     0.4733     0.7596     0.8623     0.4545     0.2233    -0.2395     0.7546    -0.6109        n/a   170.5388
    7.7765    36.1948    63.4214    -0.2900     0.5235     0.8011     0.9498     0.0547     0.3080     0.1175     0.8502    -0.5131     0.0743   266.6279
    7.3565    37.1002    64.8697    -0.1982     0.4932     0.8470     0.5692    -0.6456     0.5091     0.7980     0.5830    -0.1527     0.0590   117.3753
    6.9744    38.0551    66.7557    -0.1729     0.3893     0.9047    -0.1602    -0.9174     0.3642     0.9718    -0.0820     0.2210     0.0617   101.1143
    6.5934    38.7192    68.7785    -0.1705     0.2015     0.9645     0.1082    -0.9691     0.2216     0.9794     0.1421     0.1434     0.1221    99.8925
    6.3022    38.8254    70.7153    -0.1139    -0.1263     0.9854     0.2128    -0.9720    -0.1000     0.9704     0.1983     0.1376     0.2182    80.1006
    6.1863    38.2605    72.4552    -0.0033    -0.4730     0.8811     0.3641    -0.8212    -0.4395     0.9314     0.3193     0.1748     0.2048    66.7250
    6.3135    37.0943    74.0170     0.1271    -0.6761     0.7257     0.6362    -0.5058    -0.5826     0.7610     0.5358     0.3659     0.0914    62.3890
    6.7212    35.5526    75.5200     0.2397    -0.7087     0.6635     0.9581     0.2829    -0.0440    -0.1565     0.6463     0.7469     0.0464    57.6801
    7.4063    33.9427    77.1197     0.3342    -0.6342     0.6972     0.5180     0.7416     0.4263    -0.7874     0.2187     0.5764     0.0675    51.6151
    8.3211    32.5580    78.9296     0.4043    -0.4821     0.7773     0.2522     0.8756     0.4119    -0.8792     0.0295     0.4755     0.0850    47.1569
    9.3767    31.5931    80.9578     0.4387    -0.2929     0.8495     0.0801     0.9544     0.2877    -0.8950    -0.0581     0.4422     0.0813    41.3165
   10.4534    31.0977    83.0796     0.4423    -0.1195     0.8889    -0.0444     0.9869     0.1548    -0.8958    -0.1080     0.4312     0.0655    44.4489
   11.4180    30.9815    85.0571     0.4313     0.0096     0.9021    -0.1261     0.9908     0.0497    -0.8933    -0.1352     0.4286     0.0529    36.0971
   12.3395    31.1171    87.0239     0.4144     0.1107     0.9033    -0.2077     0.9779    -0.0245    -0.8861    -0.1775     0.4283        n/a    22.2638

[Branch Set 2] Branch Segment 6:

Point (-3.2078, 18.7679, 60.3016) connects from:
    Branch Segment 1
    Branch Segment 2

        Px         Py         Pz         Tx         Ty         Tz         Nx         Ny         Nz        BNx        BNy        BNz          C       Area
   -3.2078    18.7679    60.3016    -0.3895    -0.5603     0.7311    -0.6720     0.7156     0.1904    -0.6298    -0.4172    -0.6552        n/a   197.5823
   -4.0973    17.8754    61.7489    -0.5191    -0.3686     0.7711    -0.3938     0.9039     0.1669    -0.7586    -0.2171    -0.6144     0.1072   310.2528
   -5.1472    17.3375    63.2691    -0.5562    -0.1937     0.8081     0.0299     0.9672     0.2524    -0.8305     0.1646    -0.5322     0.0873   231.6532
   -6.4196    17.0695    65.2249    -0.5171    -0.0571     0.8540     0.6249     0.6567     0.4222    -0.5849     0.7520    -0.3039     0.0439   163.0355
   -7.5556    17.0431    67.2889    -0.4429     0.0467     0.8953     0.5151     0.8306     0.2115    -0.7338     0.5549    -0.3920     0.0697    70.0621
   -8.4387    17.2640    69.2640    -0.3710     0.1481     0.9167     0.6355     0.7603     0.1344    -0.6771     0.6324    -0.3762     0.0447    62.0702
   -9.1512    17.5777    71.0867    -0.3646     0.1451     0.9198    -0.5082    -0.8587    -0.0660     0.7803    -0.4915     0.3868     0.0431    59.2587
   -9.9039    17.7405    72.7982    -0.4510     0.0040     0.8925    -0.4918    -0.8356    -0.2448     0.7448    -0.5493     0.3788     0.1363    56.8093
  -10.8990    17.5429    74.4650    -0.5585    -0.1988     0.8053    -0.3781    -0.8031    -0.4605     0.7383    -0.5617     0.3734     0.1162    58.4593
  -12.1927    16.9264    76.0944    -0.6220    -0.3512     0.6999    -0.2678    -0.7445    -0.6116     0.7358    -0.5678     0.3690     0.0632    58.3471
  -13.6326    16.0318    77.5888    -0.6481    -0.4319     0.6273    -0.2008    -0.6976    -0.6878     0.7346    -0.5717     0.3654     0.0364    47.0730
  -14.9015    15.1519    78.7630    -0.6589    -0.4722     0.5856    -0.1649    -0.6688    -0.7249     0.7339    -0.5742     0.3628     0.0244    30.8909
  -15.6493    14.6082    79.4154    -0.6626    -0.4879     0.5683    -0.1526    -0.6548    -0.7402     0.7332    -0.5772     0.3595        n/a    22.5889

[Branch Set 3] Branch Segment 7:

Point (1.1182, 21.8210, 63.3003) connects from:
    Branch Segment 2
    Branch Segment 3

        Px         Py         Pz         Tx         Ty         Tz         Nx         Ny         Nz        BNx        BNy        BNz          C       Area
    1.1182    21.8210    63.3003     0.0498    -0.2130     0.9758     0.9718     0.2359     0.0019    -0.2306     0.9481     0.2188        n/a   120.2902
    1.3824    21.3916    65.4840     0.1836    -0.1653     0.9690     0.8966     0.4323    -0.0962    -0.4030     0.8865     0.2276     0.0634   356.9435
    1.8493    21.1269    67.3708     0.2906    -0.1008     0.9515     0.7926     0.5825    -0.1804    -0.5361     0.8066     0.2492     0.0658   323.1680
    2.5927    20.9797    69.4849     0.3512    -0.0399     0.9355     0.0371     0.9989     0.0287    -0.9356     0.0246     0.3523     0.0142    30.5747
    3.4062    20.9352    71.6173     0.3663     0.0055     0.9305     0.4273     0.8873    -0.1734    -0.8266     0.4611     0.3227     0.0284    22.8051
    4.1873    20.9944    73.5583     0.3742     0.0475     0.9261    -0.3441     0.9345     0.0911    -0.8611    -0.3528     0.3660     0.0149    20.5269
    4.8580    21.0856    75.2939     0.3364     0.0388     0.9409    -0.7950    -0.5238     0.3058     0.5048    -0.8509    -0.1454     0.0446    19.5863
    5.3804    21.0983    76.9556     0.2570    -0.0355     0.9658    -0.6651    -0.7315     0.1501     0.7011    -0.6809    -0.2116     0.0848    20.1695
    5.7613    20.9386    78.7067     0.1720    -0.1387     0.9753    -0.5816    -0.8134    -0.0131     0.7951    -0.5650    -0.2205     0.0643    20.1227
    6.0447    20.5776    80.6313     0.1229    -0.2177     0.9682    -0.3932    -0.9065    -0.1539     0.9112    -0.3618    -0.1970     0.0301    18.1334
    6.2931    20.0655    82.6850     0.1163    -0.2566     0.9595     0.4748    -0.8342    -0.2806     0.8724     0.4882     0.0249     0.0114    17.2238
    6.5642    19.5052    84.7321     0.1418    -0.2620     0.9546     0.9678     0.2395    -0.0781    -0.2082     0.9349     0.2875     0.0190    17.0166
    6.8910    18.9992    86.6406     0.1876    -0.2390     0.9527     0.8246     0.5653    -0.0206    -0.5337     0.7895     0.3031     0.0324    17.3436
    7.2711    18.5973    88.3757     0.2266    -0.2008     0.9531     0.5613     0.8266     0.0406    -0.7959     0.5258     0.3000     0.0281    17.5907
    7.6713    18.2749    90.0331     0.2249    -0.1760     0.9584    -0.9244     0.2726     0.2669    -0.3082    -0.9459    -0.1014     0.0193    17.0310
    8.0419    17.9534    91.7854     0.1777    -0.1827     0.9670    -0.9322    -0.3462     0.1059     0.3155    -0.9202    -0.2318     0.0363    15.4923
    8.3380    17.5516    93.7672     0.1146    -0.2109     0.9708    -0.8825    -0.4704     0.0020     0.4562    -0.8569    -0.2400     0.0305    12.0676
    8.5361    17.0412    95.9593     0.0643    -0.2395     0.9688    -0.8481    -0.5248    -0.0735     0.5260    -0.8169    -0.2368     0.0207    12.6752
    8.6415    16.4761    98.1396     0.0314    -0.2606     0.9649    -0.8222    -0.5556    -0.1233     0.5683    -0.7895    -0.2317     0.0142    12.8580
    8.6814    15.9778    99.9348     0.0124    -0.2737     0.9617    -0.8048    -0.5736    -0.1529     0.5935    -0.7721    -0.2274     0.0108    11.2472
    8.6899    15.6836   100.9557     0.0040    -0.2798     0.9600    -0.7878    -0.5922    -0.1693     0.6159    -0.7556    -0.2228        n/a     9.3842

