Legend
======
Order:       curve order
Px,Py,Pz:    coordinates of point P on the centerline
Tx,Ty,Tz:    coordinates of the direction of the Tangent vector to point P
Nx,Ny,Nz:    coordinates of the direction of the Normal vector to point P
BNx,BNy,BNz: coordinates of the direction of the Binormal vector to point P
Dfit:        diameter of the best fit circle in point P
Dmin:        diameter of the inscribing circle in point P
Dmax:        diameter of the subscribing circle in point P
C:           curvature in point P
Dh:          hydraulic diameter in point P
Xh:          hydraulic ratio in point P
Scf:         distance of circumference in point P
Area:        sectional area in point P
E:           ellipticity in point P


Order: Cubic

[Main Branch Set] Branch Segment 1:

Point (12.0928, 14.5859, -0.9073) connects from:
    Branch Segment 2
    Branch Segment 5

        Px         Py         Pz         Tx         Ty         Tz         Nx         Ny         Nz        BNx        BNy        BNz          C       Area
   12.0928    14.5859    -0.9073    -0.5546    -0.8170    -0.1580    -0.1114     0.2610    -0.9589     0.8246    -0.5142    -0.2358        n/a   474.7669
   10.0804    11.7656    -1.8134    -0.5626    -0.7520    -0.3434     0.0320     0.3953    -0.9180     0.8261    -0.5275    -0.1983     0.0528   946.4029
    7.4394     8.4234    -3.9841    -0.5323    -0.6384    -0.5559     0.2171     0.5318    -0.8186     0.8182    -0.5564    -0.1444     0.0494   537.3287
    5.0490     5.6931    -7.0803    -0.4608    -0.4990    -0.7339     0.3810     0.6357    -0.6714     0.8016    -0.5890    -0.1028     0.0505   511.3006
    3.0287     3.6174   -11.0488    -0.3573    -0.3465    -0.8674     0.5271     0.6918    -0.4935     0.7711    -0.6335    -0.0646     0.0426   505.0130
    1.4777     2.1935   -15.7762    -0.2418    -0.2079    -0.9478     0.6419     0.6982    -0.3169     0.7276    -0.6851    -0.0353     0.0340   510.8962
    0.4736     1.3834   -21.0861    -0.1269    -0.0933    -0.9875     0.7337     0.6611    -0.1568     0.6675    -0.7445    -0.0154     0.0274   559.6750
    0.0729     1.1245   -26.7477    -0.0148    -0.0014    -0.9999     0.8044     0.5940    -0.0127     0.5940    -0.8045    -0.0077     0.0240   599.7293
    0.3120     1.3409   -32.4967     0.0985     0.0744    -0.9924     0.8506     0.5112     0.1228     0.5164    -0.8562    -0.0129     0.0236   630.8500
    1.2073     1.9519   -38.0654     0.2191     0.1398    -0.9656     0.8675     0.4252     0.2583     0.4467    -0.8943    -0.0281     0.0258   661.1029
    2.7552     2.8761   -43.2190     0.3503     0.1977    -0.9155     0.8520     0.3388     0.3991     0.3891    -0.9199    -0.0498     0.0300   697.9076
    4.9306     4.0337   -47.7903     0.4882     0.2461    -0.8373     0.8042     0.2460     0.5411     0.3391    -0.9375    -0.0778     0.0340   666.5729
    7.6854     5.3450   -51.7073     0.6184     0.2785    -0.7349     0.7320     0.1363     0.6675     0.2860    -0.9507    -0.1196     0.0342   625.7258
   10.9481     6.7290   -55.0063     0.7227     0.2887    -0.6280     0.6584    -0.0111     0.7526     0.2103    -0.9574    -0.1981     0.0279   589.2915
   14.6245     8.1027   -57.8283     0.7912     0.2758    -0.5458     0.6095    -0.2836     0.7403     0.0494    -0.9184    -0.3925     0.0171   572.6203
   18.6002     9.3829   -60.3957     0.8247     0.2436    -0.5105     0.3777    -0.9090     0.1764    -0.4210    -0.3383    -0.8416     0.0090   561.0677
   22.7467    10.4900   -62.9740     0.8264     0.1967    -0.5277    -0.2066    -0.7658    -0.6090    -0.5239     0.6123    -0.5922     0.0138   592.8956
   26.9283    11.3561   -65.8226     0.7974     0.1396    -0.5871    -0.4204    -0.5694    -0.7064    -0.4329     0.8101    -0.3954     0.0206   626.9620
   31.0109    11.9322   -69.1440     0.7401     0.0782    -0.6679    -0.5560    -0.4876    -0.6732    -0.3783     0.8696    -0.3174     0.0235   708.6826
   34.8706    12.1970   -73.0394     0.6635     0.0197    -0.7480    -0.6651    -0.4424    -0.6016    -0.3428     0.8966    -0.2804     0.0222   803.5780
   38.4008    12.1619   -77.4801     0.5811    -0.0301    -0.8133    -0.7493    -0.4099    -0.5202    -0.3177     0.9116    -0.2607     0.0188   891.0226
   41.5177    11.8719   -82.2994     0.5050    -0.0690    -0.8604    -0.8095    -0.3837    -0.4444    -0.2995     0.9209    -0.2496     0.0152   753.3790
   44.1613    11.4023   -87.2084     0.4415    -0.0976    -0.8919    -0.8504    -0.3625    -0.3813    -0.2861     0.9269    -0.2430     0.0122   547.9906
   46.2943    10.8488   -91.8331     0.3926    -0.1177    -0.9122    -0.8772    -0.3459    -0.3329    -0.2764     0.9309    -0.2390     0.0100   369.0531
   47.8981    10.3149   -95.7678     0.3571    -0.1313    -0.9248    -0.8942    -0.3341    -0.2978    -0.2699     0.9334    -0.2367     0.0087   210.2300
   49.2334     9.7819   -99.3927     0.3283    -0.1418    -0.9339    -0.9075    -0.3216    -0.2702    -0.2620     0.9362    -0.2342        n/a    93.3780

[Main Branch Set] Branch Segment 2:

Point (15.5849, 19.9123, -0.2401) connects from:
    Branch Segment 3
    Branch Segment 6
Point (12.0928, 14.5859, -0.9073) connects to:
    Branch Segment 1
    Branch Segment 5

        Px         Py         Pz         Tx         Ty         Tz         Nx         Ny         Nz        BNx        BNy        BNz          C       Area
   15.5849    19.9123    -0.2401    -0.5453    -0.8317    -0.1042        n/a        n/a        n/a        n/a        n/a        n/a        n/a   393.9265
   12.0928    14.5859    -0.9073    -0.5453    -0.8317    -0.1042        n/a        n/a        n/a        n/a        n/a        n/a        n/a   474.7669

[Main Branch Set] Branch Segment 3:

Point (24.5407, 42.5619, -14.5266) connects from:
    Branch Segment 4
    Branch Segment 7
Point (15.5849, 19.9123, -0.2401) connects to:
    Branch Segment 2
    Branch Segment 6

        Px         Py         Pz         Tx         Ty         Tz         Nx         Ny         Nz        BNx        BNy        BNz          C       Area
   24.5407    42.5619   -14.5266    -0.0164    -0.4612     0.8871    -0.4461    -0.7907    -0.4193     0.8948    -0.4026    -0.1928        n/a  1233.6632
   24.5403    42.5521   -14.5077    -0.0168    -0.4619     0.8868    -0.4464    -0.7901    -0.4200     0.8947    -0.4029    -0.1929     0.0393   391.6063
   24.2365    39.9566   -10.4394    -0.1121    -0.6083     0.7857    -0.4898    -0.6542    -0.5764     0.8646    -0.4495    -0.2246     0.0445   428.1505
   23.4437    36.7179    -6.9723    -0.2168    -0.7294     0.6488    -0.4985    -0.4887    -0.7160     0.8393    -0.4787    -0.2577     0.0435   412.8356
   22.1333    32.9240    -4.1692    -0.3151    -0.8105     0.4939    -0.4780    -0.3140    -0.8203     0.8199    -0.4945    -0.2885     0.0388   411.1195
   20.3286    28.7213    -2.0809    -0.3987    -0.8530     0.3369    -0.4340    -0.1482    -0.8887     0.8079    -0.5005    -0.3111     0.0341   259.5531
   18.1004    24.2986    -0.7535    -0.4668    -0.8659     0.1798    -0.3567    -0.0017    -0.9342     0.8092    -0.5003    -0.3081     0.0330   282.0223
   15.5849    19.9123    -0.2401    -0.5195    -0.8542     0.0216    -0.2710     0.1407    -0.9522     0.8104    -0.5005    -0.3046        n/a   393.9265

[Main Branch Set] Branch Segment 4:

Point (24.5407, 42.5619, -14.5266) connects to:
    Branch Segment 3
    Branch Segment 7

        Px         Py         Pz         Tx         Ty         Tz         Nx         Ny         Nz        BNx        BNy        BNz          C       Area
   19.8130    31.2845  -184.3239     0.1617     0.3298     0.9301    -0.4307    -0.8244     0.3672     0.8879    -0.4600     0.0087        n/a    54.5826
   20.4541    32.5935  -180.5566     0.1557     0.3181     0.9352    -0.4223    -0.8344     0.3541     0.8930    -0.4501     0.0044     0.0037    74.3945
   21.1331    33.9816  -176.3701     0.1485     0.3037     0.9411    -0.4153    -0.8445     0.3381     0.8975    -0.4411     0.0007     0.0040   106.8607
   21.9058    35.5612  -171.2923     0.1388     0.2836     0.9488    -0.4050    -0.8581     0.3157     0.9037    -0.4281    -0.0043     0.0048   125.9238
   22.6906    37.1603  -165.6594     0.1266     0.2569     0.9581    -0.3911    -0.8747     0.2862     0.9116    -0.4109    -0.0103     0.0057   150.3119
   23.4185    38.6257  -159.7914     0.1121     0.2231     0.9683    -0.3718    -0.8943     0.2490     0.9215    -0.3880    -0.0173     0.0068   174.0030
   24.0436    39.8466  -153.9525     0.0962     0.1828     0.9784    -0.3444    -0.9162     0.2050     0.9339    -0.3567    -0.0251     0.0080   198.3401
   24.5500    40.7690  -148.3231     0.0808     0.1385     0.9871    -0.3029    -0.9401     0.1567     0.9496    -0.3116    -0.0340     0.0086   221.6052
   24.9509    41.3997  -142.9880     0.0688     0.0959     0.9930    -0.2310    -0.9668     0.1094     0.9705    -0.2369    -0.0443     0.0079   251.2467
   25.2826    41.7983  -137.9415     0.0633     0.0633     0.9960    -0.0608    -0.9959     0.0671     0.9961    -0.0648    -0.0592     0.0052   245.7510
   25.5927    42.0609  -133.1073     0.0660     0.0484     0.9966     0.8333    -0.5520    -0.0284     0.5488     0.8324    -0.0768     0.0017   283.9088
   25.9267    42.2967  -128.3677     0.0752     0.0541     0.9957     0.5854     0.8059    -0.0881    -0.8072     0.5895     0.0289     0.0042   302.0837
   26.3143    42.6045  -123.5972     0.0861     0.0762     0.9934     0.3370     0.9361    -0.1010    -0.9376     0.3434     0.0549     0.0062   317.7730
   26.7598    43.0526  -118.6924     0.0928     0.1051     0.9901     0.1027     0.9881    -0.1145    -0.9904     0.1123     0.0809     0.0059   335.2336
   27.2379    43.6662  -113.5933     0.0908     0.1314     0.9872    -0.3032     0.9478    -0.0983    -0.9486    -0.2904     0.1260     0.0046   372.0701
   27.6962    44.4239  -108.2933     0.0778     0.1486     0.9858    -0.8596     0.5109    -0.0091    -0.5051    -0.8467     0.1675     0.0040   411.9442
   28.0637    45.2653  -102.8350     0.0531     0.1532     0.9868    -0.9954    -0.0703     0.0645     0.0792    -0.9857     0.1488     0.0055   429.4835
   28.2653    46.1051   -97.2970     0.0170     0.1442     0.9894    -0.9322    -0.3554     0.0678     0.3614    -0.9235     0.1284     0.0079   447.3309
   28.2365    46.8536   -91.7717    -0.0288     0.1221     0.9921    -0.8695    -0.4926     0.0353     0.4930    -0.8617     0.1204     0.0104   471.7807
   27.9393    47.4356   -86.3427    -0.0806     0.0891     0.9928    -0.8180    -0.5750    -0.0149     0.5695    -0.8133     0.1192     0.0121   476.0340
   27.3725    47.8069   -81.0649    -0.1319     0.0497     0.9900    -0.7649    -0.6404    -0.0697     0.6305    -0.7664     0.1225     0.0122   490.4430
   26.5763    47.9626   -75.9529    -0.1736     0.0110     0.9848    -0.6842    -0.7206    -0.1126     0.7084    -0.6933     0.1326     0.0099   506.4587
   25.6292    47.9361   -70.9788    -0.1968    -0.0196     0.9803    -0.4340    -0.8948    -0.1050     0.8792    -0.4461     0.1676     0.0055   508.8256
   24.6379    47.7896   -66.0803    -0.1953    -0.0364     0.9801     0.8446    -0.5142     0.1492     0.4986     0.8569     0.1312     0.0035   503.7532
   23.7208    47.5971   -61.1769    -0.1680    -0.0383     0.9851     0.9765     0.1303     0.1716    -0.1349     0.9907     0.0155     0.0082   519.8223
   22.9891    47.4241   -56.1896    -0.1194    -0.0290     0.9924     0.9669     0.2238     0.1229    -0.2257     0.9742     0.0013     0.0117   512.7429
   22.5277    47.3077   -51.0614    -0.0590    -0.0164     0.9981     0.9813     0.1826     0.0610    -0.1832     0.9831     0.0054     0.0124   519.8615
   22.3798    47.2427   -45.7718     0.0020    -0.0100     0.9999     0.9999     0.0149    -0.0018    -0.0149     0.9998     0.0100     0.0109   522.8965
   22.5378    47.1742   -40.3455     0.0538    -0.0183     0.9984     0.9289    -0.3660    -0.0568     0.3665     0.9304    -0.0027     0.0088   496.1183
   22.9418    47.0017   -34.8514     0.0896    -0.0484     0.9948     0.5262    -0.8458    -0.0885     0.8456     0.5314    -0.0503     0.0091   469.2721
   23.4863    46.5915   -29.3936     0.1045    -0.1059     0.9889     0.0475    -0.9927    -0.1113     0.9934     0.0586    -0.0988     0.0133   417.0849
   24.0337    45.7972   -24.0978     0.0942    -0.1951     0.9762    -0.2189    -0.9607    -0.1709     0.9712    -0.1976    -0.1332     0.0207   423.3682
   24.4332    44.4839   -19.0951     0.0542    -0.3168     0.9469    -0.3624    -0.8899    -0.2770     0.9304    -0.3282    -0.1631     0.0301   386.5168
   24.5407    42.5619   -14.5266    -0.0164    -0.4612     0.8871    -0.4461    -0.7907    -0.4193     0.8948    -0.4026    -0.1928        n/a  1233.6632

[Branch Set 1] Branch Segment 5:

Point (12.0928, 14.5859, -0.9073) connects from:
    Branch Segment 1
    Branch Segment 2

        Px         Py         Pz         Tx         Ty         Tz         Nx         Ny         Nz        BNx        BNy        BNz          C       Area
   12.0928    14.5859    -0.9073    -0.4248    -0.0889     0.9009    -0.7352    -0.5467    -0.4006     0.5282    -0.8326     0.1669        n/a   474.7669
   10.3068    14.0973     2.2498    -0.5489    -0.1748     0.8174    -0.6968    -0.4444    -0.5630     0.4617    -0.8786     0.1221     0.0475  1025.2555
    8.7337    13.5626     4.3191    -0.6352    -0.2264     0.7384    -0.6493    -0.3612    -0.6693     0.4182    -0.9046     0.0824     0.0491  1035.1686
    6.8496    12.8881     6.3563    -0.6625    -0.2297     0.7129     0.4869     0.5912     0.6430    -0.5692     0.7731    -0.2798     0.0268   893.4228
    4.8167    12.2429     8.6752    -0.6340    -0.1817     0.7517     0.1951     0.9030     0.3829    -0.7483     0.3894    -0.5370     0.0147   448.3446
    2.8511    11.7560    11.0643    -0.6189    -0.1237     0.7757     0.2587     0.9004     0.3499    -0.7417     0.4172    -0.5252     0.0264   199.3922
    1.0603    11.5071    13.3720    -0.6042    -0.0422     0.7957     0.0985     0.9870     0.1272    -0.7907     0.1552    -0.5922     0.0320   163.4813
   -0.5715    11.5093    15.5258    -0.6069     0.0442     0.7935    -0.1572     0.9721    -0.1743    -0.7791    -0.2305    -0.5830     0.0330   158.2873
   -2.1537    11.7101    17.5257    -0.6349     0.1061     0.7653    -0.5888     0.5749    -0.5681    -0.5003    -0.8113    -0.3025     0.0285   147.9049
   -3.8273    12.0090    19.4173    -0.6828     0.1195     0.7208    -0.7275    -0.2033    -0.6553     0.0682    -0.9718     0.2257     0.0287   148.4118
   -5.6940    12.2870    21.2577    -0.7307     0.0851     0.6774    -0.5306    -0.6951    -0.4851     0.4295    -0.7139     0.5531     0.0290   136.0598
   -7.7618    12.4381    23.0872    -0.7603     0.0218     0.6493    -0.2230    -0.9474    -0.2293     0.6101    -0.3192     0.7252     0.0269   129.6371
   -9.9290    12.3955    24.9174    -0.7622    -0.0526     0.6452     0.1700    -0.9780     0.1211     0.6246     0.2019     0.7543     0.0276   124.6245
  -12.0104    12.1441    26.7397    -0.7291    -0.1287     0.6722     0.5230    -0.7383     0.4259     0.4415     0.6621     0.6056     0.0376   135.5929
  -13.7980    11.7200    28.5475    -0.6458    -0.1998     0.7369     0.7352    -0.4232     0.5296     0.2060     0.8838     0.4202     0.0629   145.4214
  -15.1336    11.1959    30.3611    -0.4907    -0.2480     0.8353     0.8713    -0.1340     0.4720    -0.0052     0.9594     0.2818     0.1020   139.9700
  -15.9662    10.6600    32.2424    -0.2853    -0.2440     0.9269     0.9313     0.1579     0.3282    -0.2264     0.9568     0.1822     0.1126    41.7511
  -16.3744    10.1932    34.2886    -0.1145    -0.1856     0.9759     0.8161     0.5426     0.1989    -0.5665     0.8192     0.0894     0.0659    36.3097
  -16.5429     9.8528    36.6036    -0.0496    -0.1069     0.9930     0.0427     0.9931     0.1091    -0.9979     0.0479    -0.0447     0.0305    36.5401
  -16.7017     9.6629    39.2545    -0.0795    -0.0405     0.9960    -0.7519     0.6584    -0.0333    -0.6544    -0.7516    -0.0828     0.0296    26.7663
  -17.0482     9.6160    42.2267    -0.1539     0.0049     0.9881    -0.9155     0.3756    -0.1444    -0.3718    -0.9268    -0.0533     0.0292    23.5978
  -17.6798     9.6797    45.3947    -0.2351     0.0318     0.9715    -0.9435     0.2325    -0.2359    -0.2334    -0.9721    -0.0247     0.0248    20.4243
  -18.5596     9.8085    48.5221    -0.3035     0.0459     0.9517    -0.9399     0.1494    -0.3069    -0.1563    -0.9877    -0.0022     0.0200    14.4281
  -19.5290     9.9545    51.2943    -0.3543     0.0528     0.9336    -0.9283     0.1009    -0.3580    -0.1132    -0.9935     0.0133     0.0170    16.0741
  -20.6030    10.1109    53.9401    -0.3954     0.0560     0.9168    -0.9169     0.0354    -0.3976    -0.0548    -0.9978     0.0373        n/a     7.1531

[Branch Set 2] Branch Segment 6:

Point (15.5849, 19.9123, -0.2401) connects to:
    Branch Segment 2
    Branch Segment 3

        Px         Py         Pz         Tx         Ty         Tz         Nx         Ny         Nz        BNx        BNy        BNz          C       Area
   16.3185    12.0587    57.7638    -0.0083     0.4252    -0.9050     0.1187    -0.8983    -0.4231    -0.9929    -0.1110    -0.0430        n/a     9.3750
   16.3056    12.9413    55.7803    -0.0035     0.3861    -0.9224     0.1062    -0.9171    -0.3843    -0.9943    -0.0993    -0.0378     0.0221    16.6458
   16.3039    13.7544    53.6830     0.0021     0.3349    -0.9423     0.0975    -0.9378    -0.3331    -0.9952    -0.0912    -0.0346     0.0270    23.6893
   16.3178    14.5078    51.2846     0.0092     0.2607    -0.9654     0.0847    -0.9621    -0.2590    -0.9964    -0.0794    -0.0309     0.0352    38.1777
   16.3507    15.0515    48.8007     0.0167     0.1627    -0.9865     0.0668    -0.9847    -0.1612    -0.9976    -0.0632    -0.0273     0.0439    58.3608
   16.3990    15.3156    46.3871     0.0226     0.0533    -0.9983     0.0405    -0.9978    -0.0524    -0.9989    -0.0393    -0.0247     0.0465    50.5844
   16.4532    15.3299    44.1153     0.0243    -0.0352    -0.9991    -0.0131    -0.9993     0.0349    -0.9996     0.0123    -0.0247     0.0311    48.6999
   16.5025    15.2118    41.9746     0.0209    -0.0615    -0.9979    -0.3803     0.9226    -0.0648     0.9246     0.3809    -0.0041     0.0071    48.1110
   16.5402    15.1291    39.8962     0.0154    -0.0030    -0.9999    -0.0531     0.9986    -0.0039     0.9985     0.0531     0.0152     0.0497    46.7511
   16.5693    15.2458    37.7927     0.0134     0.1197    -0.9927     0.0115     0.9927     0.1199     0.9998    -0.0131     0.0119     0.0673    49.2598
   16.6049    15.6699    35.5973     0.0201     0.2537    -0.9671     0.0955     0.9623     0.2545     0.9952    -0.0975    -0.0049     0.0546    47.5881
   16.6726    16.4180    33.2914     0.0371     0.3535    -0.9347     0.2667     0.8979     0.3502     0.9631    -0.2623    -0.0609     0.0332    53.7621
   16.8014    17.4070    30.9117     0.0641     0.4045    -0.9123     0.7304     0.6039     0.3191     0.6800    -0.6868    -0.2567     0.0165    55.5260
   17.0142    18.4772    28.5351     0.1002     0.4056    -0.9085     0.8534    -0.5045    -0.1311    -0.5116    -0.7622    -0.3967     0.0182    43.7967
   17.3166    19.4369    26.2476     0.1431     0.3518    -0.9251     0.4585    -0.8519    -0.2531    -0.8771    -0.3879    -0.2832     0.0405    46.3954
   17.6893    20.1176    24.1081     0.1834     0.2320    -0.9553     0.2142    -0.9578    -0.1915    -0.9594    -0.1695    -0.2253     0.0743    42.7111
   18.0861    20.4223    22.1210     0.1968     0.0542    -0.9790    -0.0357    -0.9974    -0.0623    -0.9798     0.0472    -0.1943     0.1019    48.5262
   18.4394    20.3511    20.2274     0.1593    -0.1209    -0.9798    -0.4003    -0.9151     0.0479    -0.9024     0.3846    -0.1942     0.0875    48.5020
   18.6733    19.9995    18.3199     0.0750    -0.2194    -0.9727    -0.9254    -0.3786     0.0141    -0.3714     0.8992    -0.2314     0.0549    48.2290
   18.7209    19.5271    16.2784    -0.0281    -0.2157    -0.9761    -0.8887     0.4524    -0.0744     0.4576     0.8653    -0.2044     0.0528    60.8492
   18.5423    19.1095    14.0162    -0.1215    -0.1399    -0.9827    -0.6377     0.7697    -0.0307     0.7606     0.6229    -0.1828     0.0529    88.6806
   18.1381    18.8860    11.5217    -0.1919    -0.0366    -0.9807    -0.4783     0.8761     0.0609     0.8570     0.4807    -0.1857     0.0458   162.6954
   17.5551    18.9206     8.8840    -0.2338     0.0571    -0.9706    -0.3005     0.9452     0.1279     0.9247     0.3215    -0.2038     0.0307   515.5977
   16.8806    19.1866     6.2906    -0.2710     0.1430    -0.9519    -0.4284     0.8676     0.2523     0.8620     0.4762    -0.1739     0.0378   666.3343
   16.2273    19.5806     3.9968    -0.2493     0.1635    -0.9545     0.8646    -0.4065    -0.2955    -0.4363    -0.8989    -0.0400     0.0375   796.7556
   15.8086    19.8530     2.0762    -0.1660     0.0994    -0.9811     0.7095    -0.6790    -0.1888    -0.6849    -0.7274     0.0422     0.0734  1077.8781
   15.5849    19.9123    -0.2401    -0.0171    -0.0633    -0.9978     0.6460    -0.7624     0.0373    -0.7631    -0.6440     0.0539        n/a   393.9265

[Branch Set 3] Branch Segment 7:

Point (24.5407, 42.5619, -14.5266) connects from:
    Branch Segment 3
    Branch Segment 4

        Px         Py         Pz         Tx         Ty         Tz         Nx         Ny         Nz        BNx        BNy        BNz          C       Area
   24.5407    42.5619   -14.5266     0.1656     0.3661     0.9157    -0.2657    -0.8776     0.3989     0.9497    -0.3094    -0.0480        n/a  1233.6632
   24.6834    42.2167    -8.9664    -0.1026    -0.4123     0.9053    -0.3629    -0.8318    -0.4200     0.9262    -0.3716    -0.0643     0.0692   422.2702
   24.0165    39.9431    -3.9355    -0.0841    -0.2373     0.9678     0.2528     0.9344     0.2511    -0.9639     0.2658    -0.0186     0.1272   495.8575
   24.0916    40.1855     0.8745     0.1309     0.3238     0.9370     0.4182     0.8389    -0.3483    -0.8989     0.4375    -0.0256     0.1227   274.7877
   24.9770    41.9213     5.7638     0.0632    -0.0537     0.9966    -0.3234    -0.9458    -0.0304     0.9441    -0.3204    -0.0771     0.3869   183.6226
   24.5005    39.1262    10.5218    -0.0802    -0.5644     0.8216     0.4756     0.7027     0.5292    -0.8760     0.4332     0.2121     0.0889   136.9794
   24.4661    37.1141    15.6595     0.0101    -0.1548     0.9879    -0.2386     0.9590     0.1527    -0.9711    -0.2372    -0.0272     0.0697   120.0371
   24.7114    36.4334    21.2042     0.1690    -0.2508     0.9532     0.5683    -0.7653    -0.3022     0.8052     0.5928     0.0132     0.1471    93.5290
   26.8722    33.2411    24.6867     0.5330    -0.8043     0.2627     0.1159    -0.2381    -0.9643     0.8381     0.5444    -0.0337        n/a    33.1949

